Size	Deadline	
0.2	12	
0.15	8	
0.1	18	
0.1	8	
0.99	18	
0.99	13	
0.99	21	
0.98	11	
0.98	13	
0.98	22	
0.97	27	
0.97	16	
0.97	19	
0.97	16	
0.96	29	
0.96	23	
0.96	36	
0.96	21	
0.96	24	
0.95	28	
0.95	27	
0.95	35	
0.95	37	
0.94	41	
0.94	40	
0.93	38	
0.93	32	
0.92	39	
0.92	45	
0.91	43	
0.91	35	
0.91	51	
0.9	49	
0.9	53	
0.9	45	
0.9	42	
0.89	46	
0.89	44	
0.89	45	
0.88	58	
0.88	50	
0.88	56	
0.87	54	
0.86	57	
0.86	54	
0.86	60	
0.86	62	
0.85	59	
0.85	57	
0.85	52	
0.84	57	
0.84	70	
0.84	69	
0.84	62	
0.83	66	
0.83	70	
0.83	73	
0.83	68	
0.83	64	
0.82	71	
0.82	79	
0.82	73	
0.82	79	
0.82	71	
0.81	73	
0.81	81	
0.81	72	
0.81	72	
0.8	79	
0.8	76	
0.8	87	
0.8	88	
0.79	88	
0.79	78	
0.78	86	
0.78	85	
0.77	80	
0.77	93	
0.77	84	
0.76	89	
0.75	83	
0.75	99	
0.74	101	
0.74	88	
0.74	91	
0.73	98	
0.73	91	
0.73	97	
0.72	95	
0.72	92	
0.71	94	
0.71	107	
0.71	107	
0.71	104	
0.7	112	
0.7	107	
0.69	102	
0.68	104	
0.67	106	
0.65	113	
0.65	109	
0.64	107	
0.64	112	
0.64	117	
0.63	107	
0.63	119	
0.63	121	
0.62	125	
0.62	115	
0.62	114	
0.62	124	
0.6	114	
0.6	116	
0.6	121	
0.6	127	
0.59	135	
0.59	124	
0.59	127	
0.58	133	
0.58	132	
0.58	124	
0.58	129	
0.57	139	
0.56	129	
0.56	127	
0.56	143	
0.56	134	
0.55	136	
0.55	131	
0.54	144	
0.54	139	
0.54	149	
0.53	147	
0.53	139	
0.53	146	
0.53	155	
0.53	150	
0.53	154	
0.52	157	
0.52	146	
0.52	153	
0.52	151	
0.52	150	
0.5	153	
0.5	163	
0.5	162	
0.5	149	
0.5	152	
0.5	167	
0.49	159	
0.49	160	
0.48	164	
0.48	162	
0.48	159	
0.47	160	
0.47	169	
0.46	163	
0.45	175	
0.45	176	
0.45	179	
0.44	175	
0.44	181	
0.44	166	
0.44	181	
0.44	182	
0.43	179	
0.43	183	
0.43	184	
0.43	185	
0.43	179	
0.42	175	
0.42	176	
0.42	184	
0.42	185	
0.41	179	
0.41	190	
0.4	181	
0.4	190	
0.4	184	
0.39	182	
0.39	189	
0.38	200	
0.37	195	
0.36	188	
0.36	193	
0.36	202	
0.36	195	
0.35	190	
0.35	198	
0.34	192	
0.34	198	
0.33	208	
0.33	197	
0.32	205	
0.32	213	
0.32	212	
0.31	215	
0.31	209	
0.31	209	
0.3	206	
0.3	203	
0.3	221	
0.2	217	
0.15	206	
0.1	207	
0.1	216	
0.1	210	
0.99	217	
0.99	214	
0.99	226	
0.99	228	
0.98	214	
0.98	216	
0.98	221	
0.98	219	
0.97	226	
0.97	235	
0.97	221	
0.96	238	
0.96	234	
0.96	225	
0.96	232	
0.96	241	
0.95	234	
0.95	233	
0.95	237	
0.94	230	
0.94	232	
0.94	243	
0.92	234	
0.92	245	
0.92	245	
0.92	243	
0.92	248	
0.92	249	
0.91	242	
0.91	250	
0.9	251	
0.9	251	
0.9	247	
0.9	245	
0.9	259	
0.9	245	
0.89	261	
0.89	261	
0.88	262	
0.88	266	
0.88	257	
0.87	258	
0.87	269	
0.86	269	
0.86	264	
0.85	272	
0.85	271	
0.85	264	
0.84	260	
0.84	259	
0.84	270	
0.84	272	
0.83	264	
0.82	266	
0.82	274	
0.81	279	
0.81	281	
0.79	270	
0.79	275	
0.78	269	
0.77	285	
0.77	274	
0.77	289	
0.77	285	
0.77	289	
0.76	284	
0.76	279	
0.75	293	
0.75	280	
0.74	285	
0.74	285	
0.74	287	
0.73	294	
0.73	299	
0.73	288	
0.73	289	
0.73	290	
0.73	302	
0.72	290	
0.71	297	
0.7	305	
0.7	305	
0.7	296	
0.7	297	
0.7	308	
0.69	298	
0.69	313	
0.69	306	
0.69	311	
0.68	299	
0.68	317	
0.67	306	
0.67	303	
0.67	309	
0.66	316	
0.66	321	
0.65	321	
0.65	316	
0.64	324	
0.64	311	
0.63	317	
0.63	316	
0.63	321	
0.62	319	
0.62	330	
0.62	319	
0.62	325	
0.62	325	
0.6	329	
0.6	322	
0.6	337	
0.6	326	
0.59	331	
0.59	328	
0.59	330	
0.58	336	
0.58	339	
0.58	328	
0.58	343	
0.58	331	
0.58	334	
0.57	338	
0.57	347	
0.57	337	
0.56	335	
0.56	346	
0.56	337	
0.56	349	
0.55	344	
0.55	354	
0.55	342	
0.54	356	
0.54	346	
0.54	357	
0.53	353	
0.53	346	
0.53	348	
0.53	359	
0.53	354	
0.53	365	
0.52	356	
0.51	361	
0.5	353	
0.49	353	
0.49	365	
0.49	360	
0.49	356	
0.49	374	
0.48	367	
0.48	363	
0.48	368	
0.47	366	
0.47	362	
0.47	370	
0.47	381	
0.47	368	
0.47	374	
0.46	376	
0.45	381	
0.45	381	
0.45	381	
0.44	386	
0.44	380	
0.43	384	
0.43	384	
0.43	376	
0.42	382	
0.42	386	
0.41	384	
0.41	389	
0.41	391	
0.41	386	
0.4	387	
0.39	393	
0.39	387	
0.39	390	
0.38	401	
0.38	403	
0.38	393	
0.37	399	
0.37	395	
0.37	393	
0.36	407	
0.36	397	
0.36	398	
0.35	403	
0.35	407	
0.35	412	
0.34	411	
0.33	416	
0.33	414	
0.33	405	
0.33	416	
0.32	405	
0.31	411	
0.31	406	
0.3	415	
0.2	420	
0.15	425	
0.1	412	
0.1	426	
0.99	422	
0.98	424	
0.97	428	
0.97	430	
0.97	428	
0.96	429	
0.96	421	
0.96	419	
0.95	423	
0.95	435	
0.95	421	
0.95	428	
0.94	423	
0.94	436	
0.94	435	
0.94	439	
0.94	439	
0.94	430	
0.93	436	
0.93	436	
0.93	433	
0.93	440	
0.93	444	
0.93	435	
0.92	436	
0.91	440	
0.91	441	
0.91	442	
0.9	453	
0.9	445	
0.9	452	
0.89	443	
0.89	443	
0.89	452	
0.87	452	
0.87	462	
0.86	463	
0.86	454	
0.85	450	
0.85	465	
0.85	458	
0.85	453	
0.85	458	
0.84	460	
0.84	472	
0.83	466	
0.83	471	
0.83	459	
0.83	459	
0.82	462	
0.82	476	
0.82	469	
0.82	466	
0.81	467	
0.81	470	
0.81	470	
0.81	468	
0.81	477	
0.81	481	
0.81	487	
0.8	476	
0.8	487	
0.78	479	
0.78	489	
0.78	491	
0.78	489	
0.77	490	
0.77	489	
0.77	479	
0.76	481	
0.76	494	
0.75	489	
0.75	489	
0.75	489	
0.75	490	
0.74	494	
0.74	501	
0.74	502	
0.74	497	
0.73	500	
0.73	494	
0.73	498	
0.71	503	
0.71	505	
0.71	506	
0.71	503	
0.7	507	
0.7	498	
0.69	510	
0.69	501	
0.68	506	
0.68	511	
0.67	504	
0.67	508	
0.67	521	
0.66	516	
0.66	513	
0.66	517	
0.65	517	
0.64	514	
0.63	520	
0.63	522	
0.63	525	
0.62	514	
0.61	523	
0.61	522	
0.61	526	
0.61	521	
0.61	531	
0.61	535	
0.6	525	
0.6	531	
0.6	531	
0.6	526	
0.58	542	
0.58	530	
0.58	541	
0.58	531	
0.57	534	
0.57	533	
0.57	545	
0.57	546	
0.56	534	
0.56	551	
0.56	547	
0.56	540	
0.56	544	
0.56	538	
0.55	544	
0.54	552	
0.53	553	
0.53	558	
0.53	558	
0.53	550	
0.52	557	
0.52	554	
0.52	564	
0.52	552	
0.51	555	
0.51	561	
0.5	561	
0.5	565	
0.49	569	
0.49	568	
0.49	571	
0.48	560	
0.48	571	
0.48	566	
0.48	564	
0.48	572	
0.48	564	
0.47	572	
0.47	563	
0.46	573	
0.46	571	
0.46	575	
0.46	579	
0.46	583	
0.44	573	
0.44	572	
0.44	585	
0.43	576	
0.43	581	
0.43	580	
0.42	584	
0.42	591	
0.42	580	
0.41	591	
0.41	595	
0.39	583	
0.39	595	
0.39	582	
0.38	587	
0.37	584	
0.37	594	
0.37	598	
0.36	598	
0.36	601	
0.36	593	
0.34	590	
0.32	596	
0.32	592	
0.32	608	
0.32	603	
0.32	595	
0.31	601	
0.31	614	
0.31	609	
0.31	605	
0.31	612	
0.31	612	
0.31	602	
0.31	616	
0.31	604	
0.31	605	
0.3	611	
0.3	620	
0.3	613	
0.2	621	
0.15	611	
0.1	614	
0.99	629	
0.99	621	
0.99	628	
0.97	618	
0.97	626	
0.96	633	
0.95	635	
0.95	633	
0.94	633	
0.94	631	
0.94	623	
0.94	629	
0.93	632	
0.92	638	
0.92	632	
0.92	627	
0.92	638	
0.92	629	
0.92	639	
0.92	647	
0.91	645	
0.91	637	
0.91	637	
0.91	641	
0.9	648	
0.9	647	
0.89	651	
0.89	642	
0.89	654	
0.89	648	
0.88	645	
0.87	644	
0.87	652	
0.86	645	
0.86	646	
0.86	654	
0.85	654	
0.85	662	
0.85	654	
0.84	668	
0.84	661	
0.84	667	
0.83	657	
0.83	659	
0.83	669	
0.82	666	
0.82	664	
0.82	663	
0.82	676	
0.81	676	
0.81	675	
0.81	668	
0.81	671	
0.79	667	
0.79	682	
0.77	678	
0.77	683	
0.76	672	
0.76	671	
0.76	676	
0.76	672	
0.75	682	
0.75	690	
0.74	684	
0.74	679	
0.74	683	
0.74	686	
0.73	690	
0.72	685	
0.71	682	
0.71	688	
0.7	683	
0.7	698	
0.68	686	
0.68	701	
0.67	694	
0.67	697	
0.67	704	
0.66	691	
0.66	704	
0.66	709	
0.65	709	
0.65	695	
0.64	706	
0.63	701	
0.63	711	
0.63	715	
0.62	700	
0.62	714	
0.62	717	
0.62	709	
0.62	706	
0.61	718	
0.61	720	
0.61	716	
0.61	710	
0.6	720	
0.6	719	
0.6	714	
0.6	718	
0.6	726	
0.6	716	
0.6	720	
0.58	727	
0.58	722	
0.57	729	
0.57	734	
0.57	734	
0.56	731	
0.56	735	
0.56	729	
0.56	725	
0.56	733	
0.55	728	
0.55	739	
0.55	735	
0.55	731	
0.54	742	
0.54	737	
0.53	748	
0.53	745	
0.53	741	
0.53	743	
0.53	747	
0.52	739	
0.52	737	
0.52	747	
0.52	751	
0.52	745	
0.51	756	
0.51	751	
0.51	748	
0.51	745	
0.51	755	
0.51	757	
0.5	749	
0.5	762	
0.5	760	
0.5	758	
0.49	761	
0.49	766	
0.49	760	
0.48	758	
0.48	756	
0.48	771	
0.48	757	
0.48	772	
0.47	774	
0.47	761	
0.47	778	
0.47	763	
0.46	768	
0.46	768	
0.45	773	
0.45	778	
0.45	780	
0.44	782	
0.44	775	
0.44	785	
0.43	781	
0.43	776	
0.43	788	
0.42	786	
0.42	775	
0.42	780	
0.41	778	
0.4	794	
0.4	780	
0.39	792	
0.39	791	
0.39	782	
0.39	798	
0.38	785	
0.38	796	
0.37	797	
0.37	800	
0.37	798	
0.37	803	
0.37	804	
0.36	808	
0.36	805	
0.35	793	
0.35	806	
0.35	807	
0.35	796	
0.35	810	
0.34	815	
0.34	816	
0.34	817	
0.34	813	
0.33	810	
0.33	807	
0.33	821	
0.32	820	
0.31	813	
0.31	814	
0.3	808	
0.3	820	
0.3	811	
0.2	821	
0.15	829	
0.1	827	
0.1	828	
0.99	832	
0.99	829	
0.99	820	
0.98	827	
0.98	822	
0.98	826	
0.98	821	
0.98	833	
0.97	838	
0.97	830	
0.97	840	
0.97	840	
0.96	843	
0.96	840	
0.95	837	
0.94	839	
0.94	835	
0.93	846	
0.93	847	
0.93	837	
0.92	849	
0.92	840	
0.92	837	
0.91	845	
0.9	854	
0.9	845	
0.87	841	
0.87	843	
0.87	860	
0.86	849	
0.86	856	
0.86	849	
0.86	849	
0.85	861	
0.85	854	
0.84	860	
0.83	865	
0.83	868	
0.83	867	
0.82	869	
0.82	860	
0.81	860	
0.81	869	
0.8	869	
0.8	859	
0.8	865	
0.8	868	
0.8	873	
0.8	865	
0.8	866	
0.79	876	
0.79	871	
0.79	883	
0.79	878	
0.79	885	
0.79	870	
0.78	871	
0.78	882	
0.78	886	
0.76	886	
0.75	890	
0.75	878	
0.74	890	
0.73	893	
0.73	893	
0.72	881	
0.71	894	
0.71	887	
0.71	888	
0.71	899	
0.71	895	
0.7	901	
0.69	893	
0.69	898	
0.69	891	
0.68	891	
0.68	902	
0.67	900	
0.67	906	
0.67	899	
0.66	896	
0.66	904	
0.66	900	
0.66	906	
0.66	904	
0.66	911	
0.66	902	
0.66	909	
0.65	915	
0.65	916	
0.65	910	
0.63	906	
0.63	921	
0.63	919	
0.63	913	
0.62	923	
0.62	927	
0.62	915	
0.62	918	
0.61	919	
0.61	917	
0.6	932	
0.6	927	
0.6	929	
0.6	930	
0.6	937	
0.6	931	
0.58	933	
0.58	934	
0.58	928	
0.58	941	
0.58	940	
0.58	941	
0.57	943	
0.56	934	
0.56	939	
0.56	938	
0.56	949	
0.55	936	
0.55	948	
0.54	947	
0.54	936	
0.54	953	
0.53	955	
0.53	951	
0.53	942	
0.52	952	
0.52	946	
0.51	955	
0.51	949	
0.51	947	
0.49	950	
0.49	954	
0.49	964	
0.48	956	
0.48	965	
0.48	953	
0.48	953	
0.48	953	
0.48	962	
0.47	965	
0.46	973	
0.46	973	
0.46	975	
0.46	964	
0.45	967	
0.45	963	
0.44	977	
0.44	966	
0.44	965	
0.43	969	
0.43	982	
0.42	978	
0.42	980	
0.42	971	
0.42	974	
0.41	988	
0.41	981	
0.41	989	
0.4	991	
0.4	989	
0.4	987	
0.4	994	
0.39	983	
0.39	992	
0.39	982	
0.39	984	
0.39	995	
0.39	986	
0.39	995	
0.38	994	
0.38	1000	
0.38	987	
0.38	1002	
0.37	1001	
0.36	1007	
0.36	1007	
0.36	996	
0.36	997	
0.36	1008	
0.36	999	
0.35	1009	
0.35	998	
0.35	1012	
0.35	1004	
0.34	1002	
0.34	1017	
0.33	1005	
0.33	1012	
0.32	1009	
0.31	1014	
0.31	1016	
0.31	1009	
0.31	1010	
0.3	1023	
0.3	1024	
0.3	1018	
0.3	1019	
