Size	Deadline	
0.14	18	
0.88	5	
0.61	15	
0.16	21	
0.52	13	
0.93	9	
0.47	17	
0.03	26	
0.27	25	
0.62	15	
0.76	17	
0.14	17	
0.74	19	
0.08	19	
0.6	18	
0.53	22	
0.59	24	
0.18	35	
0.23	32	
0.74	23	
0.8	24	
0.27	32	
0.27	36	
0.27	31	
0.11	42	
0.62	33	
0.11	37	
0.22	43	
0.28	46	
0.11	35	
0.33	36	
0.13	41	
0.11	50	
0.13	50	
0.74	49	
0.17	54	
0.06	53	
0.77	50	
0.28	56	
0.15	44	
0.43	57	
0.16	55	
0.34	53	
0.25	60	
0.61	51	
0.2	50	
0.43	62	
0.09	65	
0.46	61	
0.66	63	
0.1	66	
0.67	65	
0.85	64	
0.78	62	
0.46	62	
0.9	68	
0.83	62	
0.51	65	
0.15	68	
0.48	66	
0.31	80	
0.16	76	
0.14	78	
0.08	69	
0.16	79	
0.06	78	
0.42	69	
0.38	71	
0.14	71	
0.16	79	
0.33	74	
0.23	87	
0.02	89	
0.67	90	
0.42	93	
0.08	84	
0.43	81	
0.46	95	
0.25	86	
0.55	89	
0.11	92	
0.57	95	
0.82	87	
0.61	95	
0.12	91	
0.3	91	
0.14	102	
0.37	90	
0.5	91	
0.38	98	
0.34	109	
0.14	108	
0.38	99	
0.53	109	
0.37	104	
0.65	113	
0.16	109	
0.72	110	
0.35	117	
0.18	118	
0.78	105	
0.43	110	
0.26	106	
0.35	111	
0.15	116	
0.34	114	
0.2	125	
0.34	122	
0.35	123	
0.13	127	
0.54	125	
0.57	129	
0.49	132	
0.52	123	
0.83	134	
0.81	135	
0.33	133	
0.5	127	
0.33	123	
0.34	134	
0.19	131	
0.03	132	
0.03	140	
0.01	134	
0.03	137	
0.06	144	
0.06	132	
0.06	140	
0.06	136	
0.12	146	
0.09	146	
0.09	139	
0.03	143	
0.09	143	
0.13	151	
0.09	138	
0.11	152	
0.04	147	
0.09	154	
0.09	143	
0.09	151	
0.06	161	
0.06	148	
0.09	160	
0.29	163	
0.06	150	
0.14	164	
0.11	152	
0.07	157	
0.06	166	
0.06	159	
0.06	160	
0.52	160	
0.17	171	
0.09	158	
0.13	161	
0.31	159	
0.04	173	
0.13	168	
0.07	171	
0.14	174	
0.11	169	
0.08	166	
0.05	172	
0.17	171	
0.08	178	
0.12	180	
0.06	185	
0.02	187	
0.34	184	
0.45	187	
0.03	187	
0.14	192	
0.03	189	
0.03	188	
0.39	190	
0.46	185	
0.02	192	
0.35	186	
0.02	189	
0.57	195	
0.04	187	
0.1	191	
0.1	194	
0.13	189	
0.16	196	
0.08	204	
0.16	202	
0.48	199	
0.02	203	
0.13	198	
0.07	209	
0.23	199	
0.07	197	
0.29	197	
0.39	211	
0.15	203	
0.02	207	
0.07	215	
0.23	210	
0.22	204	
0.17	209	
0.09	206	
0.13	219	
0.07	209	
0.05	222	
0.23	210	
0.02	224	
0.02	213	
0.02	226	
0.03	218	
0.05	227	
0.03	215	
0.03	222	
0.03	231	
0.03	227	
0.03	219	
0.03	235	
0.03	229	
0.01	229	
0.01	235	
0.06	237	
0.07	235	
0.07	229	
0.41	237	
0.21	238	
0.06	229	
0.05	238	
0.06	238	
0.26	241	
0.06	235	
0.06	248	
0.04	235	
0.36	250	
0.22	238	
0.08	246	
0.03	253	
0.03	248	
0.03	247	
0.06	258	
0.09	243	
0.09	256	
0.03	246	
0.18	256	
0.06	253	
0.09	256	
0.02	249	
0.02	255	
0.06	251	
0.06	256	
0.02	253	
0.15	268	
0.02	265	
0.01	267	
0.02	264	
0.0	275	
0.68	265	
0.63	262	
0.12	277	
0.02	270	
0.02	270	
0.17	277	
0.09	266	
0.18	274	
0.06	276	
0.06	269	
0.06	280	
0.19	281	
0.04	283	
0.08	286	
0.08	281	
0.08	288	
0.18	281	
0.02	287	
0.03	281	
0.15	287	
0.06	289	
0.06	285	
0.01	295	
0.03	283	
0.11	291	
0.14	296	
0.15	299	
0.05	303	
0.02	301	
0.02	294	
0.06	299	
0.02	301	
0.02	294	
0.02	308	
0.02	309	
0.02	296	
0.02	312	
0.02	308	
0.02	311	
0.02	299	
0.02	302	
0.01	316	
0.06	306	
0.01	308	
0.04	312	
0.04	317	
0.02	314	
0.2	311	
0.04	316	
0.06	324	
0.07	326	
0.05	311	
0.02	326	
0.01	319	
0.02	313	
0.12	315	
0.15	327	
0.03	326	
0.06	321	
0.06	323	
0.06	323	
0.06	336	
0.13	333	
0.03	327	
0.06	324	
0.03	341	
0.15	326	
0.06	328	
0.06	328	
0.06	342	
0.03	342	
0.06	343	
0.02	332	
0.03	343	
0.23	348	
0.38	345	
0.0	346	
0.01	347	
0.06	346	
0.02	348	
0.04	339	
0.01	344	
0.0	355	
0.01	352	
0.01	355	
0.01	356	
0.01	348	
0.01	353	
0.01	352	
0.0	358	
0.01	349	
0.0	362	
0.0	362	
0.04	362	
0.01	358	
0.02	361	
0.02	368	
0.04	368	
0.02	361	
0.0	368	
0.0	370	
0.02	367	
0.0	366	
0.0	365	
0.01	378	
0.01	364	
0.1	382	
0.01	367	
0.0	370	
0.0	379	
0.0	386	
0.01	376	
0.03	380	
0.0	388	
0.0	375	
0.0	379	
0.01	376	
0.0	392	
0.03	380	
0.03	395	
0.06	380	
0.0	390	
0.01	392	
0.0	396	
0.02	384	
0.0	399	
0.0	390	
0.0	386	
0.0	400	
0.02	390	
0.03	401	
0.01	397	
0.0	397	
0.02	393	
0.0	393	
0.0	407	
0.0	403	
0.0	402	
0.0	402	
0.0	412	
0.01	408	
0.0	402	
0.0	404	
0.0	417	
0.0	411	
0.01	419	
0.04	419	
0.0	411	
0.01	409	
0.0	410	
0.01	418	
0.01	419	
0.0	424	
0.02	412	
0.03	426	
0.0	423	
0.02	419	
0.02	424	
0.01	424	
0.02	435	
0.03	423	
0.02	422	
0.0	429	
0.02	437	
0.0	435	
0.01	429	
0.01	434	
0.08	440	
0.0	431	
0.01	428	
0.01	443	
0.01	436	
0.01	431	
0.04	439	
0.04	436	
0.04	447	
0.04	446	
0.0	442	
0.02	450	
0.05	451	
0.02	447	
0.02	448	
0.04	452	
0.03	454	
0.04	452	
0.04	449	
0.04	451	
0.04	460	
0.04	459	
0.0	463	
0.04	460	
0.0	462	
0.04	461	
0.0	457	
0.05	469	
0.01	463	
0.01	459	
0.0	460	
0.0	457	
0.07	463	
0.07	464	
0.01	476	
0.01	478	
0.01	474	
0.0	475	
0.04	472	
0.09	476	
0.01	467	
0.06	468	
0.03	474	
0.04	470	
0.01	473	
0.05	483	
0.0	489	
0.05	479	
0.01	478	
0.14	478	
0.18	487	
0.03	487	
0.0	493	
0.02	481	
0.0	488	
0.03	491	
0.08	493	
0.03	492	
0.0	492	
0.01	486	
0.0	491	
0.05	493	
0.01	488	
0.0	494	
0.01	507	
0.02	494	
0.03	504	
0.06	510	
0.01	497	
0.03	504	
0.03	506	
0.03	502	
0.07	498	
0.11	502	
0.05	501	
0.08	516	
0.02	514	
0.02	518	
0.0	506	
0.03	506	
0.02	512	
0.0	512	
0.01	512	
0.0	517	
0.0	512	
0.0	520	
0.0	525	
0.0	527	
0.0	528	
0.0	523	
0.0	532	
0.0	518	
0.02	534	
0.0	520	
0.01	521	
0.0	529	
0.0	524	
0.24	534	
0.08	534	
0.01	531	
0.01	529	
0.01	542	
0.02	529	
0.0	535	
0.04	539	
0.03	540	
0.08	540	
0.08	549	
0.05	538	
0.07	550	
0.08	539	
0.03	544	
0.03	552	
0.08	553	
0.05	545	
0.01	545	
0.01	545	
0.01	559	
0.04	547	
0.01	555	
0.05	558	
0.01	547	
0.03	561	
0.07	565	
0.03	553	
0.08	568	
0.03	562	
0.03	557	
0.03	556	
0.05	571	
0.03	573	
0.03	564	
0.08	569	
0.05	559	
0.01	576	
0.03	570	
0.07	562	
0.03	580	
0.08	569	
0.03	569	
0.01	576	
0.01	570	
0.03	583	
0.08	586	
0.07	582	
0.04	581	
0.07	585	
0.03	580	
0.01	580	
0.24	588	
0.75	587	
0.15	589	
0.13	582	
0.04	592	
0.13	591	
0.04	582	
0.17	590	
0.08	595	
0.04	593	
0.08	592	
0.08	589	
0.03	601	
0.03	605	
0.01	603	
0.05	605	
0.03	592	
0.04	605	
0.03	604	
0.01	596	
0.01	596	
0.01	604	
0.08	612	
0.06	603	
0.12	611	
0.13	607	
0.12	615	
0.06	614	
0.07	614	
0.1	604	
0.03	620	
0.03	617	
0.09	612	
0.43	621	
0.14	623	
0.02	615	
0.03	618	
0.06	615	
0.03	618	
0.03	616	
0.16	622	
0.26	632	
0.2	628	
0.55	620	
0.05	632	
0.15	629	
0.33	623	
0.05	622	
0.03	631	
0.02	636	
0.07	633	
0.76	634	
0.15	628	
0.17	633	
0.08	632	
0.28	643	
0.23	635	
0.49	632	
0.93	634	
0.36	647	
0.2	637	
0.2	653	
0.37	640	
0.05	644	
0.02	650	
0.01	656	
0.04	650	
0.04	642	
0.12	660	
0.06	656	
0.03	653	
0.06	653	
0.09	663	
0.06	664	
0.85	654	
0.95	659	
0.7	654	
0.89	657	
0.06	653	
0.17	660	
0.06	665	
0.23	664	
0.06	668	
0.03	675	
0.09	661	
0.03	667	
0.03	669	
0.03	679	
0.08	672	
0.03	664	
0.12	673	
0.43	680	
0.18	669	
0.51	671	
0.23	676	
0.43	675	
0.04	681	
0.04	679	
0.02	681	
0.04	688	
0.05	683	
0.13	692	
0.13	689	
0.13	690	
0.19	683	
0.02	688	
0.05	696	
0.05	684	
0.05	684	
0.02	688	
0.02	692	
0.03	702	
0.1	693	
0.02	694	
0.09	693	
0.03	696	
0.07	700	
0.13	704	
0.02	710	
0.01	709	
0.02	704	
0.06	713	
0.06	703	
0.06	707	
0.06	700	
0.04	711	
0.04	714	
0.03	719	
0.24	719	
0.09	713	
0.03	718	
0.03	714	
0.03	717	
0.15	725	
0.07	725	
0.08	720	
0.15	719	
0.32	722	
0.25	718	
0.06	723	
0.36	732	
0.25	719	
0.02	717	
0.02	723	
0.18	725	
0.16	734	
0.18	737	
0.06	735	
0.4	740	
0.02	728	
0.06	734	
0.39	740	
0.08	740	
0.09	732	
0.11	737	
0.52	731	
0.23	732	
0.53	738	
0.14	748	
0.04	736	
0.09	750	
0.06	737	
0.02	749	
0.02	743	
0.02	755	
0.12	741	
0.06	751	
0.18	758	
0.07	744	
0.1	759	
0.07	758	
0.07	763	
0.05	763	
0.02	764	
0.07	751	
0.05	754	
0.07	759	
0.02	768	
0.61	753	
0.43	766	
0.12	759	
0.03	762	
0.43	761	
0.03	762	
0.38	759	
0.03	773	
0.03	772	
0.06	765	
0.15	777	
0.03	773	
0.18	768	
0.13	773	
0.38	767	
0.14	778	
0.06	780	
0.28	771	
0.13	788	
0.2	785	
0.21	781	
0.6	776	
0.18	790	
0.48	782	
0.25	787	
0.06	789	
0.18	779	
0.03	780	
0.18	792	
0.18	791	
0.02	800	
0.02	795	
0.02	792	
0.04	791	
0.03	796	
0.06	801	
0.09	806	
0.17	807	
0.08	801	
0.17	792	
0.08	794	
0.19	797	
0.04	799	
0.04	806	
0.12	806	
0.29	815	
0.18	804	
0.07	816	
0.1	804	
0.04	807	
0.09	803	
0.03	821	
0.09	805	
0.03	820	
0.06	821	
0.09	824	
0.03	820	
0.04	824	
0.04	826	
0.03	821	
0.05	816	
0.09	814	
0.05	823	
0.03	829	
0.0	817	
0.03	833	
0.02	834	
0.03	832	
0.02	822	
0.02	837	
0.05	823	
0.06	828	
0.01	835	
0.02	841	
0.09	836	
0.06	829	
0.05	830	
0.02	847	
0.01	834	
0.01	846	
0.37	842	
0.43	849	
0.2	850	
0.59	853	
0.27	850	
0.11	853	
0.22	853	
0.12	844	
0.38	851	
0.02	855	
0.07	852	
0.07	854	
0.12	857	
0.17	856	
0.05	856	
0.05	854	
0.1	850	
0.05	853	
0.1	857	
0.02	858	
0.05	863	
0.05	869	
0.05	871	
0.05	857	
0.05	861	
0.01	873	
0.68	866	
0.03	862	
0.07	866	
0.07	874	
0.01	869	
0.02	873	
0.01	868	
0.01	866	
0.02	878	
0.03	885	
0.11	883	
0.02	870	
0.04	888	
0.01	888	
0.03	889	
0.01	882	
0.01	887	
0.01	879	
0.02	884	
0.01	878	
0.01	896	
0.07	891	
0.01	881	
0.02	885	
0.12	887	
0.01	888	
0.02	893	
0.04	893	
0.15	899	
0.04	890	
0.04	892	
0.04	891	
0.04	895	
0.04	904	
0.04	904	
0.04	896	
0.04	900	
0.25	902	
0.28	913	
0.04	898	
0.04	907	
0.04	905	
0.04	905	
0.04	918	
0.04	911	
0.04	917	
0.04	913	
0.04	922	
0.04	924	
0.08	916	
0.04	915	
0.04	920	
0.01	915	
0.01	925	
0.04	926	
0.03	919	
0.03	919	
0.04	928	
0.01	918	
0.01	927	
0.01	921	
0.11	922	
0.01	935	
0.01	932	
0.01	938	
0.01	936	
0.01	941	
0.07	930	
0.01	934	
0.02	929	
0.23	944	
0.01	931	
0.02	944	
0.01	943	
0.02	946	
0.08	935	
0.02	949	
0.03	945	
0.28	939	
0.33	941	
0.01	946	
0.01	941	
0.02	945	
0.04	957	
0.07	945	
0.04	960	
0.39	954	
0.05	958	
0.14	954	
0.12	949	
0.07	956	
0.02	950	
0.01	953	
0.05	969	
0.03	969	
0.03	960	
0.04	965	
0.04	968	
0.08	962	
0.23	970	
0.02	964	
0.01	975	
0.01	977	
0.03	967	
0.01	964	
0.32	980	
0.12	976	
0.02	971	
0.0	983	
0.02	980	
0.04	969	
0.18	980	
0.03	983	
0.14	986	
0.02	979	
0.44	981	
0.53	982	
0.01	978	
0.01	991	
0.02	981	
0.02	979	
0.11	997	
0.01	989	
0.02	984	
0.01	996	
0.01	995	
0.01	997	
0.01	1003	
0.03	991	
0.01	995	
0.76	994	
0.39	995	
0.03	996	
0.01	995	
0.01	1003	
0.02	994	
0.05	1001	
0.13	1007	
0.06	1014	
0.04	1003	
0.03	1016	
0.05	1011	
0.21	1006	
0.05	1019	
0.12	1017	
0.35	1014	
0.56	1020	
0.05	1007	
0.23	1014	
0.1	1016	
0.05	1009	
0.05	1012	
0.05	1020	
0.12	1023	
0.05	1020	
0.23	1031	
0.21	1016	
0.22	1022	
0.21	1019	
0.25	1029	
0.27	1024	
0.27	1024	
0.11	1031	
0.25	1036	
0.06	1028	
0.24	1032	
0.06	1034	
0.06	1036	
0.06	1043	
0.13	1040	
0.08	1030	
0.05	1036	
0.11	1031	
0.08	1034	
0.16	1038	
0.09	1042	
0.11	1049	
0.26	1044	
0.53	1042	
0.75	1045	
0.02	1056	
0.03	1047	
0.06	1046	
0.02	1054	
0.1	1049	
0.05	1055	
0.11	1049	
0.05	1058	
0.12	1050	
0.05	1049	
0.11	1056	
0.05	1057	
0.01	1059	
0.05	1068	
0.11	1068	
0.05	1070	
0.11	1065	
0.05	1058	
0.11	1061	
0.1	1074	
0.05	1063	
0.12	1077	
0.12	1064	
0.12	1078	
0.11	1067	
0.16	1078	
0.05	1071	
0.05	1071	
0.05	1070	
0.05	1073	
0.05	1075	
0.05	1074	
0.05	1080	
0.05	1084	
0.05	1078	
0.05	1075	
0.09	1080	
0.05	1092	
0.05	1086	
0.05	1092	
0.05	1087	
0.05	1090	
0.05	1084	
0.05	1097	
0.05	1089	
0.05	1094	
0.05	1097	
0.05	1099	
0.05	1092	
0.05	1105	
0.05	1104	
0.05	1101	
0.05	1104	
0.05	1099	
0.05	1101	
0.05	1099	
0.05	1098	
0.05	1112	
0.05	1110	
0.05	1113	
0.05	1116	
0.05	1101	
0.05	1117	
0.05	1116	
0.05	1112	
0.09	1104	
0.05	1108	
0.09	1116	
0.05	1117	
0.05	1125	
0.09	1121	
0.05	1118	
0.05	1125	
0.05	1127	
0.05	1115	
0.09	1124	
0.05	1123	
0.05	1119	
0.05	1129	
0.09	1118	
0.05	1134	
0.05	1132	
0.05	1129	
0.05	1132	
0.05	1137	
0.09	1136	
0.09	1126	
0.05	1142	
0.09	1134	
0.05	1142	
0.05	1130	
0.09	1136	
0.05	1139	
0.05	1133	
0.05	1135	
0.09	1145	
0.05	1135	
0.05	1146	
0.05	1151	
0.05	1139	
0.05	1139	
0.17	1146	
0.34	1157	
0.17	1147	
0.12	1152	
0.18	1144	
0.04	1161	
0.04	1155	
0.04	1155	
0.04	1163	
0.04	1161	
0.04	1157	
0.04	1165	
0.18	1164	
0.17	1161	
0.04	1157	
0.04	1172	
0.04	1163	
0.04	1169	
0.04	1171	
0.04	1163	
0.04	1160	
0.04	1169	
0.04	1165	
0.04	1165	
0.04	1181	
0.04	1172	
0.04	1172	
0.04	1182	
0.04	1168	
0.04	1179	
0.04	1185	
0.18	1178	
0.04	1177	
0.04	1176	
0.04	1182	
0.04	1181	
0.04	1182	
0.04	1178	
0.04	1194	
0.04	1192	
0.04	1196	
0.18	1195	
0.04	1198	
0.04	1197	
0.04	1187	
0.04	1202	
0.04	1195	
0.04	1200	
0.04	1192	
0.08	1195	
0.07	1199	
0.07	1208	
0.16	1193	
0.24	1205	
0.22	1194	
0.3	1207	
0.41	1197	
0.23	1203	
0.42	1215	
0.37	1204	
0.29	1213	
0.78	1216	
0.24	1208	
0.37	1207	
0.07	1218	
0.06	1218	
0.06	1219	
0.08	1214	
0.05	1211	
0.05	1221	
0.05	1213	
0.05	1212	
0.05	1218	
0.05	1226	
0.02	1228	
0.02	1230	
0.02	1225	
0.02	1224	
0.05	1218	
0.05	1220	
0.02	1235	
0.26	1222	
0.02	1226	
0.04	1225	
0.04	1227	
0.04	1236	
0.04	1237	
0.04	1232	
0.04	1233	
0.04	1240	
0.04	1246	
0.04	1248	
0.04	1234	
0.04	1237	
0.04	1243	
0.04	1247	
0.04	1252	
0.04	1246	
0.04	1239	
0.04	1256	
0.08	1257	
0.04	1253	
0.02	1247	
0.02	1253	
0.04	1245	
0.02	1255	
0.04	1257	
0.02	1263	
0.02	1261	
0.02	1263	
0.04	1252	
0.02	1266	
0.02	1258	
0.02	1258	
0.04	1265	
0.41	1255	
0.02	1265	
0.62	1258	
0.17	1274	
0.01	1272	
0.02	1272	
0.01	1273	
0.01	1270	
0.04	1264	
0.04	1271	
0.23	1279	
0.12	1270	
0.19	1278	
0.2	1284	
0.71	1286	
0.57	1277	
0.15	1288	
0.04	1279	
0.0	1289	
0.48	1275	
0.49	1275	
0.0	1282	
0.0	1286	
0.01	1287	
0.02	1290	
0.25	1283	
0.06	1281	
0.08	1298	
0.08	1296	
0.05	1298	
0.05	1289	
0.05	1303	
0.08	1298	
0.4	1298	
0.15	1299	
0.38	1302	
0.33	1299	
0.33	1292	
0.49	1303	
0.38	1308	
0.4	1307	
0.4	1307	
0.39	1309	
0.4	1315	
0.38	1304	
0.41	1306	
0.37	1303	
0.32	1311	
0.32	1320	
0.49	1305	
0.41	1306	
0.84	1311	
0.83	1312	
0.48	1317	
0.04	1309	
0.03	1324	
0.41	1316	
0.22	1329	
0.21	1323	
0.0	1323	
0.0	1332	
0.01	1318	
0.0	1331	
0.0	1324	
0.0	1333	
0.01	1331	
0.0	1337	
0.02	1327	
0.0	1331	
0.08	1336	
0.04	1329	
0.0	1341	
0.0	1336	
0.02	1339	
0.1	1339	
0.0	1344	
0.04	1344	
0.02	1345	
0.04	1335	
0.11	1340	
0.1	1343	
0.1	1338	
0.1	1340	
0.1	1345	
0.1	1344	
0.1	1344	
0.06	1346	
0.03	1352	
0.03	1347	
0.04	1361	
0.04	1355	
0.04	1358	
0.06	1350	
0.27	1349	
0.15	1349	
0.14	1366	
0.09	1356	
0.22	1367	
0.24	1357	
0.41	1361	
0.02	1356	
0.04	1372	
0.03	1362	
0.05	1364	
0.03	1368	
0.05	1371	
0.05	1368	
0.05	1372	
0.05	1378	
0.02	1365	
0.05	1372	
0.09	1374	
0.05	1374	
0.07	1372	
0.05	1372	
0.02	1371	
0.05	1381	
0.12	1380	
0.13	1389	
0.06	1391	
0.12	1381	
0.12	1383	
0.05	1392	
0.0	1391	
0.01	1387	
0.01	1396	
0.04	1396	
0.04	1392	
0.04	1396	
0.04	1390	
0.05	1387	
0.02	1394	
0.12	1389	
0.04	1392	
0.0	1396	
0.0	1402	
0.03	1403	
0.01	1409	
0.12	1407	
0.05	1399	
0.01	1406	
0.02	1396	
0.09	1413	
0.01	1412	
0.0	1410	
0.01	1417	
0.03	1412	
0.03	1406	
0.03	1420	
0.04	1412	
0.05	1413	
0.04	1414	
0.0	1418	
0.02	1422	
0.01	1412	
0.02	1417	
0.01	1420	
0.0	1420	
0.01	1415	
0.0	1427	
0.03	1418	
0.02	1423	
0.0	1422	
0.0	1422	
0.0	1422	
0.05	1433	
0.01	1431	
0.02	1434	
0.0	1432	
0.0	1440	
0.02	1431	
0.01	1427	
0.03	1436	
0.01	1442	
0.01	1445	
0.01	1439	
0.03	1434	
0.03	1433	
0.02	1433	
0.04	1443	
0.02	1449	
0.01	1452	
0.01	1437	
0.01	1441	
0.0	1450	
0.06	1441	
0.0	1447	
0.03	1451	
0.12	1448	
0.1	1453	
0.03	1457	
0.02	1456	
0.02	1451	
0.09	1454	
0.0	1450	
0.04	1452	
0.09	1457	
0.02	1466	
0.1	1458	
0.11	1469	
0.07	1466	
0.15	1472	
0.14	1474	
0.15	1472	
0.15	1476	
0.01	1462	
0.03	1467	
0.03	1470	
0.16	1465	
0.03	1474	
0.02	1466	
0.03	1477	
0.03	1482	
0.0	1480	
0.05	1477	
0.05	1470	
0.03	1475	
0.03	1483	
0.03	1482	
0.01	1475	
0.02	1492	
0.01	1485	
0.02	1492	
0.02	1480	
0.03	1487	
0.0	1484	
0.01	1492	
0.0	1492	
0.0	1500	
0.04	1486	
0.01	1485	
0.03	1501	
0.07	1501	
0.01	1505	
0.01	1491	
0.04	1497	
0.02	1503	
0.02	1498	
0.0	1504	
0.01	1504	
0.11	1503	
0.01	1502	
0.12	1499	
0.04	1501	
0.01	1500	
0.03	1508	
0.03	1516	
0.01	1511	
0.03	1515	
0.04	1504	
0.02	1507	
0.02	1519	
0.01	1519	
0.04	1512	
0.03	1510	
0.03	1516	
0.04	1512	
0.08	1512	
0.0	1529	
0.02	1518	
0.12	1531	
0.04	1521	
0.02	1534	
0.02	1521	
0.02	1535	
0.02	1529	
0.18	1538	
0.05	1531	
0.05	1531	
0.07	1526	
0.05	1528	
0.07	1535	
0.05	1535	
0.07	1542	
0.05	1536	
0.05	1540	
0.08	1534	
0.05	1546	
0.08	1542	
0.08	1534	
0.06	1550	
0.08	1551	
0.06	1546	
0.14	1540	
0.06	1539	
0.06	1556	
0.17	1542	
0.18	1549	
0.51	1552	
0.16	1561	
0.11	1553	
0.16	1546	
0.26	1558	
0.24	1558	
0.4	1552	
0.28	1564	
0.23	1561	
0.35	1554	
0.34	1555	
0.09	1571	
0.32	1571	
0.18	1570	
0.16	1567	
0.34	1571	
0.08	1574	
0.35	1560	
0.02	1574	
0.18	1569	
0.28	1579	
0.57	1572	
0.34	1569	
0.02	1575	
0.07	1579	
0.18	1583	
0.02	1573	
0.01	1586	
0.0	1584	
0.0	1584	
0.0	1586	
0.01	1580	
0.0	1588	
0.0	1580	
0.01	1590	
0.0	1584	
0.02	1584	
0.0	1584	
0.01	1595	
0.01	1597	
0.0	1592	
0.01	1599	
0.02	1589	
0.0	1598	
0.01	1602	
0.0	1602	
0.02	1605	
0.0	1603	
0.02	1605	
0.0	1604	
0.0	1593	
0.0	1595	
0.0	1609	
0.03	1612	
0.0	1607	
0.01	1603	
0.01	1603	
0.0	1617	
0.01	1609	
0.01	1617	
0.03	1605	
0.0	1607	
0.02	1619	
0.01	1606	
0.0	1615	
0.01	1623	
0.0	1620	
0.04	1611	
0.0	1614	
0.0	1622	
0.02	1618	
0.01	1622	
0.01	1630	
0.0	1626	
0.01	1619	
0.0	1621	
0.0	1629	
0.02	1627	
0.0	1630	
0.0	1630	
0.01	1636	
0.0	1626	
0.0	1642	
0.0	1630	
0.01	1628	
0.01	1645	
0.09	1634	
0.01	1646	
0.02	1636	
0.0	1634	
0.0	1643	
0.0	1650	
0.02	1644	
0.0	1638	
0.0	1645	
0.02	1654	
0.01	1652	
0.0	1653	
0.01	1641	
0.03	1643	
0.0	1659	
0.01	1653	
0.01	1656	
0.01	1647	
0.01	1659	
0.0	1661	
0.03	1649	
0.01	1663	
0.02	1663	
0.02	1663	
0.0	1661	
0.0	1658	
0.07	1668	
0.02	1664	
0.03	1670	
0.01	1661	
0.0	1664	
0.08	1663	
0.0	1672	
0.0	1675	
0.0	1665	
0.01	1666	
0.0	1668	
0.0	1667	
0.0	1673	
0.0	1683	
0.0	1673	
0.0	1670	
0.0	1688	
0.0	1672	
0.01	1690	
0.01	1686	
0.01	1675	
0.01	1690	
0.01	1677	
0.0	1690	
0.0	1682	
0.01	1685	
0.02	1684	
0.0	1685	
0.01	1696	
0.0	1696	
0.02	1700	
0.01	1693	
0.05	1696	
0.02	1690	
0.0	1694	
0.0	1702	
0.0	1697	
0.01	1706	
0.04	1696	
0.03	1695	
0.0	1704	
0.0	1702	
0.01	1702	
0.12	1700	
0.01	1711	
0.01	1703	
0.05	1707	
0.05	1717	
0.0	1715	
0.05	1720	
0.0	1718	
0.0	1720	
0.0	1713	
0.01	1717	
0.01	1713	
0.0	1721	
0.01	1720	
0.01	1727	
0.0	1725	
0.0	1731	
0.04	1732	
0.0	1716	
0.04	1717	
0.02	1735	
0.0	1736	
0.01	1730	
0.16	1728	
0.01	1722	
0.0	1731	
0.01	1731	
0.03	1729	
0.05	1735	
0.0	1727	
0.06	1736	
0.01	1739	
0.0	1742	
0.01	1736	
0.02	1741	
0.01	1734	
0.01	1748	
0.0	1737	
0.0	1740	
0.01	1746	
0.0	1752	
0.0	1740	
0.01	1752	
0.0	1743	
0.0	1750	
0.0	1752	
0.0	1747	
0.03	1751	
0.0	1749	
0.0	1764	
0.03	1757	
0.01	1755	
0.07	1762	
0.02	1752	
0.0	1761	
0.0	1765	
0.0	1760	
0.01	1758	
0.0	1767	
0.03	1768	
0.0	1765	
0.01	1766	
0.03	1773	
0.0	1765	
0.0	1770	
0.0	1767	
0.0	1767	
0.01	1772	
0.0	1780	
0.08	1782	
0.01	1785	
0.01	1784	
0.01	1773	
0.03	1783	
0.01	1776	
0.01	1779	
0.0	1777	
0.01	1792	
0.0	1790	
0.02	1777	
0.0	1781	
0.01	1781	
0.0	1780	
0.04	1793	
0.0	1785	
0.0	1786	
0.0	1800	
0.0	1786	
0.0	1800	
0.01	1797	
0.02	1794	
0.0	1798	
0.0	1803	
0.01	1802	
0.0	1809	
0.01	1806	
0.0	1811	
0.0	1809	
0.0	1812	
0.0	1797	
0.0	1803	
0.01	1804	
0.0	1802	
0.0	1816	
0.0	1816	
0.0	1809	
0.0	1821	
0.01	1814	
0.0	1817	
0.01	1823	
0.01	1808	
0.0	1817	
0.0	1812	
0.03	1827	
0.0	1829	
0.01	1828	
0.01	1825	
0.0	1826	
0.0	1822	
0.0	1817	
0.0	1834	
0.02	1832	
0.0	1834	
0.01	1826	
0.04	1824	
0.02	1835	
0.01	1833	
0.0	1827	
0.01	1833	
0.0	1833	
0.03	1843	
0.03	1837	
0.01	1832	
0.05	1833	
0.11	1848	
0.02	1839	
0.0	1841	
0.01	1849	
0.06	1840	
0.0	1841	
0.03	1840	
0.0	1847	
0.06	1840	
0.01	1850	
0.01	1843	
0.0	1854	
0.17	1853	
0.04	1854	
0.03	1847	
0.01	1864	
0.01	1855	
0.02	1850	
0.0	1867	
0.02	1859	
0.0	1857	
0.01	1861	
0.05	1854	
0.23	1856	
0.0	1867	
0.01	1861	
0.0	1867	
0.01	1873	
0.07	1872	
0.04	1873	
0.0	1878	
0.01	1874	
0.02	1865	
0.01	1871	
0.02	1867	
0.01	1880	
0.01	1874	
0.0	1883	
0.04	1877	
0.01	1877	
0.0	1881	
0.01	1887	
0.0	1876	
0.01	1879	
0.0	1887	
0.0	1882	
0.01	1879	
0.01	1888	
0.01	1895	
0.0	1884	
0.02	1895	
0.0	1890	
0.01	1897	
0.0	1899	
0.02	1895	
0.01	1904	
0.05	1904	
0.0	1902	
0.0	1890	
0.01	1893	
0.03	1905	
0.0	1904	
0.0	1911	
0.01	1910	
0.02	1905	
0.0	1910	
0.01	1902	
0.0	1906	
0.01	1913	
0.0	1915	
0.0	1916	
0.01	1914	
0.02	1906	
0.01	1914	
0.01	1920	
0.03	1921	
0.0	1916	
0.01	1909	
0.03	1913	
0.01	1914	
0.07	1921	
0.0	1926	
0.01	1929	
0.0	1918	
0.01	1932	
0.02	1926	
0.0	1933	
0.02	1925	
0.0	1925	
0.01	1930	
0.0	1926	
0.04	1923	
0.01	1938	
0.0	1929	
0.0	1939	
0.01	1927	
0.01	1934	
0.0	1935	
0.01	1941	
0.01	1943	
0.01	1946	
0.01	1937	
0.01	1947	
0.0	1943	
0.07	1944	
0.01	1943	
0.01	1955	
0.01	1949	
0.01	1945	
0.0	1944	
0.04	1945	
0.01	1944	
0.0	1953	
0.0	1954	
0.0	1954	
0.01	1961	
0.0	1958	
0.0	1953	
0.0	1963	
0.01	1967	
0.0	1952	
0.01	1958	
0.01	1971	
0.0	1961	
0.0	1971	
0.0	1967	
0.0	1961	
0.09	1963	
0.01	1970	
0.01	1964	
0.0	1979	
0.01	1978	
0.0	1973	
0.0	1978	
0.01	1970	
0.0	1973	
0.0	1977	
0.0	1984	
0.0	1979	
0.01	1985	
0.0	1980	
0.02	1975	
0.0	1975	
0.0	1978	
0.01	1977	
0.0	1981	
0.01	1983	
0.0	1992	
0.0	1983	
0.01	1989	
0.0	1987	
0.0	1989	
0.0	2000	
0.01	2001	
0.0	1993	
0.0	2002	
0.0	1992	
0.0	1996	
0.02	1992	
0.0	1991	
0.0	1993	
0.0	2006	
0.0	2001	
0.01	2000	
0.0	2000	
0.0	1999	
0.0	1999	
0.02	2007	
0.0	2011	
0.02	2016	
0.0	2017	
0.01	2017	
0.01	2011	
0.0	2016	
0.05	2019	
0.01	2013	
0.0	2016	
0.0	2009	
0.02	2013	
0.02	2018	
0.01	2020	
0.0	2017	
0.01	2016	
0.03	2027	
0.0	2017	
0.0	2031	
0.0	2029	
0.01	2026	
0.01	2037	
0.0	2035	
0.01	2035	
0.0	2034	
0.0	2035	
0.01	2040	
0.0	2034	
0.01	2041	
0.03	2031	
0.01	2032	
0.02	2041	
0.01	2037	
0.01	2044	
0.0	2043	
0.01	2051	
0.0	2035	
0.0	2040	
0.01	2050	
0.01	2049	
0.01	2046	
0.01	2044	
0.02	2045	
0.03	2045	
0.0	2060	
0.01	2055	
0.02	2061	
0.0	2054	
0.04	2054	
0.0	2056	
0.0	2052	
0.0	2066	
0.0	2052	
0.0	2058	
0.0	2053	
0.01	2061	
0.01	2059	
0.01	2061	
0.01	2071	
0.01	2059	
0.01	2074	
0.0	2077	
0.0	2068	
0.0	2075	
0.01	2077	
0.04	2076	
0.01	2069	
0.01	2077	
0.0	2074	
0.0	2079	
0.01	2085	
0.01	2083	
0.0	2085	
0.0	2072	
0.01	2084	
0.01	2084	
0.0	2081	
0.0	2084	
0.01	2085	
0.04	2093	
0.0	2083	
0.0	2085	
0.02	2083	
0.0	2099	
0.0	2099	
0.01	2095	
0.06	2100	
0.02	2087	
0.01	2102	
0.01	2091	
0.0	2093	
0.01	2095	
0.0	2093	
0.01	2107	
0.0	2104	
0.01	2110	
0.01	2111	
0.01	2099	
0.0	2110	
0.0	2114	
0.0	2102	
0.0	2107	
0.01	2102	
0.0	2118	
0.0	2104	
0.03	2116	
0.0	2119	
0.0	2119	
0.01	2113	
0.0	2110	
0.03	2121	
0.0	2127	
0.02	2117	
0.4	2129	
0.01	2128	
0.0	2127	
0.01	2126	
0.0	2124	
0.01	2117	
0.04	2122	
0.01	2129	
0.01	2121	
0.19	2137	
0.04	2130	
0.01	2133	
0.05	2132	
0.02	2130	
0.03	2135	
0.01	2141	
0.03	2138	
0.02	2145	
0.0	2141	
0.09	2146	
0.01	2135	
0.0	2142	
0.02	2136	
0.0	2138	
0.04	2136	
0.02	2147	
0.01	2151	
0.07	2144	
0.01	2151	
0.05	2156	
0.08	2150	
0.01	2147	
0.01	2161	
0.04	2155	
0.0	2159	
0.03	2157	
0.01	2165	
0.0	2162	
0.0	2166	
0.0	2157	
0.01	2165	
0.0	2158	
0.01	2163	
0.06	2162	
0.2	2166	
0.0	2164	
0.02	2158	
0.01	2174	
0.0	2173	
0.01	2170	
0.11	2174	
0.01	2165	
0.01	2174	
0.04	2174	
0.01	2173	
0.01	2169	
0.04	2177	
0.01	2186	
0.07	2176	
0.01	2182	
0.01	2174	
0.02	2186	
0.03	2184	
0.02	2176	
0.0	2184	
0.03	2181	
0.0	2190	
0.01	2185	
0.0	2186	
0.0	2196	
0.01	2186	
0.0	2194	
0.0	2189	
0.02	2195	
0.09	2202	
0.05	2197	
0.04	2195	
0.1	2194	
0.05	2194	
0.05	2206	
0.04	2195	
0.09	2193	
0.09	2209	
0.05	2205	
0.06	2212	
0.07	2207	
0.18	2213	
0.07	2203	
0.02	2216	
0.0	2209	
0.12	2208	
0.19	2205	
0.0	2204	
0.01	2217	
0.02	2212	
0.05	2224	
0.0	2217	
0.15	2223	
0.01	2217	
0.03	2227	
0.01	2229	
0.01	2213	
0.01	2225	
0.05	2227	
0.1	2229	
0.0	2232	
0.09	2220	
0.09	2222	
0.09	2220	
0.0	2238	
0.01	2239	
0.0	2225	
0.03	2224	
0.03	2230	
0.03	2240	
0.03	2232	
0.03	2234	
0.02	2237	
0.07	2243	
0.04	2248	
0.11	2236	
0.01	2250	
0.03	2251	
0.03	2248	
0.03	2247	
0.05	2253	
0.01	2250	
0.01	2243	
0.01	2244	
0.01	2254	
0.02	2256	
0.01	2258	
0.18	2245	
0.04	2262	
0.05	2252	
0.08	2260	
0.22	2265	
0.14	2263	
0.0	2252	
0.01	2260	
0.03	2267	
0.02	2268	
0.37	2256	
0.11	2269	
0.39	2267	
0.06	2269	
0.28	2275	
0.07	2271	
0.0	2260	
0.02	2262	
0.05	2262	
0.05	2275	
0.06	2272	
0.01	2280	
0.68	2280	
0.65	2280	
0.04	2282	
0.04	2272	
0.04	2275	
0.16	2287	
0.2	2281	
0.01	2282	
0.01	2277	
0.02	2277	
0.03	2283	
0.02	2282	
0.02	2292	
0.02	2289	
0.0	2292	
0.0	2298	
0.01	2291	
0.01	2287	
0.0	2298	
0.09	2287	
0.06	2299	
0.09	2299	
0.04	2288	
0.09	2292	
0.03	2296	
0.04	2305	
0.05	2300	
0.03	2295	
0.08	2295	
0.04	2297	
0.22	2296	
0.17	2304	
0.06	2308	
0.23	2309	
0.06	2303	
0.02	2315	
0.04	2318	
0.03	2310	
0.04	2316	
0.04	2313	
0.07	2323	
0.02	2314	
0.01	2323	
0.04	2320	
0.04	2322	
0.05	2320	
0.1	2313	
0.06	2317	
0.03	2323	
0.01	2324	
0.04	2318	
0.05	2318	
0.07	2328	
0.09	2336	
0.1	2322	
0.04	2326	
0.08	2326	
0.01	2336	
0.06	2331	
0.06	2328	
0.06	2340	
0.06	2339	
0.11	2330	
0.18	2334	
0.18	2344	
0.48	2346	
0.33	2335	
0.79	2343	
0.4	2334	
0.4	2348	
0.04	2348	
0.03	2342	
0.02	2342	
0.03	2353	
0.03	2356	
0.0	2348	
0.0	2356	
0.0	2350	
0.0	2346	
0.01	2361	
0.03	2350	
0.03	2361	
0.01	2352	
0.03	2352	
0.03	2357	
0.01	2357	
0.0	2366	
0.0	2359	
0.01	2368	
0.01	2358	
0.01	2369	
0.01	2358	
0.01	2371	
0.0	2363	
0.01	2370	
0.03	2372	
0.01	2377	
0.03	2374	
0.03	2379	
0.07	2369	
0.1	2374	
0.01	2377	
0.01	2374	
0.01	2371	
0.01	2374	
0.02	2378	
0.01	2378	
0.02	2385	
0.01	2386	
0.0	2392	
0.02	2389	
0.0	2392	
0.0	2389	
0.02	2392	
0.01	2396	
0.01	2394	
0.0	2389	
0.01	2396	
0.0	2387	
0.0	2401	
0.01	2397	
0.01	2396	
0.01	2398	
0.01	2397	
0.03	2399	
0.01	2407	
0.01	2407	
0.0	2406	
0.0	2395	
0.0	2409	
0.0	2403	
0.0	2402	
0.0	2409	
0.0	2415	
0.0	2417	
0.0	2406	
0.0	2408	
0.0	2414	
0.03	2421	
0.0	2415	
0.01	2408	
0.01	2411	
0.0	2420	
0.0	2421	
0.11	2413	
0.04	2412	
0.04	2422	
0.01	2422	
0.04	2416	
0.07	2422	
0.14	2427	
0.23	2434	
0.0	2419	
0.02	2435	
0.02	2420	
0.01	2430	
0.02	2434	
0.02	2434	
0.02	2426	
0.02	2442	
0.02	2436	
0.02	2427	
0.02	2435	
0.02	2440	
0.04	2444	
0.01	2446	
0.02	2433	
0.01	2441	
0.0	2447	
0.04	2441	
0.03	2447	
0.01	2445	
0.01	2455	
0.02	2454	
0.01	2441	
0.01	2451	
0.01	2442	
0.01	2447	
0.04	2448	
0.05	2459	
0.05	2460	
0.01	2455	
0.0	2456	
0.02	2456	
0.0	2450	
0.06	2466	
0.17	2462	
0.2	2456	
0.05	2467	
0.01	2457	
0.02	2459	
0.33	2470	
0.14	2470	
0.1	2464	
0.05	2476	
0.01	2473	
0.01	2469	
0.87	2472	
0.41	2474	
0.36	2471	
0.38	2472	
0.35	2475	
0.87	2484	
0.77	2485	
0.34	2475	
0.85	2479	
0.68	2473	
0.79	2479	
0.07	2481	
0.36	2492	
0.27	2476	
0.59	2488	
0.34	2480	
0.66	2489	
0.35	2482	
0.08	2496	
0.01	2493	
0.01	2494	
0.01	2491	
0.04	2492	
0.03	2488	
0.01	2491	
0.05	2499	
0.04	2490	
0.01	2495	
0.05	2508	
0.01	2496	
0.04	2493	
0.03	2497	
0.02	2504	
0.03	2513	
0.0	2507	
0.01	2512	
0.08	2511	
0.08	2503	
0.08	2507	
0.08	2514	
0.11	2517	
0.13	2512	
0.08	2508	
0.09	2512	
0.01	2524	
0.29	2519	
0.34	2516	
0.0	2515	
0.33	2518	
0.01	2527	
0.24	2526	
0.01	2528	
0.31	2522	
0.02	2520	
0.05	2530	
0.04	2519	
0.03	2521	
0.02	2527	
0.06	2536	
0.04	2534	
0.01	2526	
0.06	2531	
0.01	2539	
0.37	2543	
0.36	2530	
0.0	2544	
0.13	2530	
0.09	2544	
0.05	2544	
0.02	2532	
0.05	2543	
0.01	2551	
0.01	2546	
0.03	2539	
0.03	2540	
0.05	2547	
0.01	2542	
0.04	2550	
0.03	2550	
0.03	2559	
0.04	2552	
0.04	2546	
0.01	2554	
0.01	2553	
0.01	2555	
0.03	2550	
0.1	2566	
0.09	2567	
0.01	2556	
0.01	2563	
0.02	2554	
0.02	2566	
0.02	2570	
0.02	2564	
0.04	2568	
0.02	2560	
0.08	2570	
0.16	2564	
0.14	2564	
0.1	2575	
0.08	2571	
0.1	2579	
0.1	2581	
0.04	2567	
0.04	2567	
0.08	2574	
0.04	2574	
0.04	2575	
0.11	2574	
0.09	2589	
0.05	2580	
0.2	2588	
0.22	2575	
0.07	2587	
0.07	2583	
0.13	2584	
0.11	2587	
0.07	2597	
0.08	2591	
0.08	2592	
0.08	2589	
0.08	2590	
0.08	2597	
0.08	2598	
0.15	2592	
0.14	2599	
0.18	2604	
0.01	2591	
0.08	2601	
0.08	2605	
0.08	2603	
0.06	2602	
0.06	2604	
0.06	2606	
0.08	2598	
0.08	2614	
0.14	2603	
0.15	2602	
0.06	2616	
0.06	2607	
0.09	2616	
0.14	2609	
0.09	2621	
0.09	2607	
0.25	2624	
0.42	2620	
0.34	2619	
0.28	2627	
0.43	2614	
0.37	2623	
0.21	2626	
0.01	2618	
0.03	2619	
0.4	2621	
0.39	2618	
0.25	2623	
0.17	2634	
0.17	2636	
0.19	2636	
0.19	2622	
0.33	2637	
0.17	2635	
0.68	2640	
0.18	2633	
0.38	2629	
0.96	2645	
0.19	2630	
0.56	2630	
0.37	2631	
0.57	2639	
0.19	2645	
0.17	2649	
0.17	2645	
0.24	2648	
0.08	2647	
0.13	2652	
0.02	2645	
0.07	2645	
0.45	2646	
0.0	2655	
0.0	2653	
0.01	2644	
0.05	2662	
0.01	2652	
0.04	2660	
0.05	2660	
0.01	2657	
0.01	2653	
0.02	2653	
0.01	2664	
0.03	2665	
0.04	2655	
0.04	2663	
0.01	2658	
0.03	2660	
0.03	2672	
0.01	2662	
0.01	2674	
0.01	2670	
0.03	2662	
0.01	2670	
0.01	2666	
0.03	2682	
0.02	2668	
0.03	2679	
0.01	2672	
0.08	2680	
0.08	2679	
0.01	2675	
0.21	2677	
0.0	2673	
0.03	2682	
0.08	2688	
0.2	2688	
0.02	2694	
0.01	2678	
0.01	2684	
0.01	2691	
0.08	2684	
0.01	2698	
0.0	2697	
0.05	2685	
0.01	2700	
0.21	2695	
0.03	2689	
0.09	2690	
0.01	2694	
0.43	2697	
0.02	2698	
0.09	2700	
0.09	2707	
0.21	2704	
0.15	2700	
0.28	2704	
0.16	2705	
0.06	2698	
0.0	2711	
0.0	2713	
0.0	2716	
0.0	2704	
0.01	2709	
0.07	2718	
0.02	2718	
0.02	2708	
0.01	2716	
0.01	2714	
0.03	2723	
0.01	2712	
0.01	2724	
0.01	2723	
0.01	2716	
0.01	2719	
0.04	2727	
0.04	2731	
0.04	2730	
0.01	2725	
0.02	2726	
0.01	2728	
0.04	2727	
0.02	2728	
0.01	2725	
0.06	2741	
0.04	2725	
0.09	2732	
0.1	2741	
0.15	2740	
0.15	2732	
0.17	2741	
0.18	2735	
0.03	2739	
0.0	2747	
0.05	2738	
0.16	2739	
0.19	2751	
0.18	2743	
0.04	2749	
0.03	2741	
0.01	2743	
0.04	2758	
0.52	2751	
0.04	2753	
0.19	2749	
0.12	2762	
0.13	2747	
0.24	2762	
0.24	2754	
0.27	2761	
0.3	2754	
0.39	2763	
0.01	2753	
0.02	2765	
0.0	2755	
0.11	2771	
0.51	2769	
0.5	2771	
0.0	2767	
0.0	2766	
0.0	2773	
0.04	2771	
0.07	2763	
0.12	2764	
0.08	2772	
0.01	2774	
0.0	2771	
0.04	2782	
0.04	2775	
0.01	2770	
0.01	2774	
0.01	2771	
0.01	2785	
0.0	2776	
0.03	2783	
0.03	2785	
0.0	2782	
0.02	2790	
0.0	2783	
0.0	2784	
0.0	2794	
0.09	2792	
0.05	2785	
0.1	2790	
0.02	2795	
0.01	2791	
0.02	2799	
0.08	2800	
0.38	2794	
0.08	2802	
0.01	2795	
0.1	2799	
0.1	2802	
0.01	2803	
0.02	2795	
0.02	2798	
0.01	2812	
0.0	2799	
0.0	2810	
0.01	2799	
0.0	2809	
0.01	2803	
0.0	2818	
0.01	2806	
0.0	2813	
0.14	2808	
0.08	2819	
0.1	2814	
0.1	2823	
0.12	2821	
0.11	2823	
0.12	2818	
0.12	2827	
0.11	2819	
0.13	2817	
0.06	2828	
0.98	2821	
0.08	2834	
0.03	2830	
0.03	2822	
0.02	2833	
0.01	2827	
0.02	2836	
0.02	2830	
0.07	2834	
0.54	2825	
0.02	2834	
0.07	2843	
0.04	2844	
0.02	2843	
0.04	2833	
0.04	2837	
0.01	2846	
0.01	2834	
0.1	2834	
0.12	2843	
0.01	2849	
0.05	2848	
0.05	2855	
0.01	2848	
0.05	2853	
0.06	2851	
0.09	2859	
0.09	2848	
0.14	2852	
0.01	2848	
0.1	2858	
0.18	2862	
0.18	2863	
0.06	2865	
0.09	2860	
0.19	2851	
0.18	2857	
0.7	2860	
0.38	2858	
0.17	2861	
0.18	2873	
0.19	2869	
0.19	2859	
0.79	2874	
0.17	2877	
0.18	2864	
0.78	2871	
0.17	2873	
0.17	2864	
0.41	2881	
0.17	2871	
0.17	2873	
0.18	2872	
0.18	2881	
0.32	2875	
0.35	2880	
0.71	2881	
0.69	2883	
0.73	2888	
0.71	2888	
0.67	2886	
0.29	2888	
0.3	2883	
0.29	2879	
0.28	2897	
0.31	2898	
0.42	2884	
0.3	2885	
0.31	2901	
0.29	2888	
0.99	2890	
0.27	2902	
0.1	2902	
0.27	2906	
0.04	2890	
0.03	2902	
0.01	2905	
0.03	2908	
0.03	2902	
0.02	2908	
0.01	2899	
0.09	2907	
0.03	2900	
0.07	2913	
0.05	2914	
0.04	2907	
0.03	2918	
0.08	2911	
0.0	2911	
0.04	2914	
0.02	2910	
0.05	2923	
0.05	2909	
0.98	2924	
0.05	2926	
0.09	2915	
0.05	2926	
0.05	2922	
0.09	2924	
0.05	2921	
0.09	2923	
0.09	2925	
0.09	2922	
0.09	2924	
0.09	2923	
0.09	2925	
0.09	2938	
0.09	2939	
0.09	2939	
0.01	2940	
0.01	2941	
0.12	2944	
0.12	2936	
0.03	2944	
0.25	2945	
0.01	2939	
0.07	2939	
0.01	2940	
0.01	2943	
0.0	2947	
0.0	2944	
0.73	2938	
0.19	2945	
0.09	2955	
0.41	2948	
0.02	2955	
0.5	2959	
0.5	2959	
0.84	2958	
0.16	2961	
0.01	2952	
0.05	2948	
0.25	2960	
0.26	2951	
0.13	2964	
0.1	2962	
0.09	2960	
0.12	2956	
0.13	2966	
0.12	2972	
0.25	2959	
0.1	2957	
0.24	2959	
0.05	2962	
0.01	2962	
0.0	2967	
0.0	2971	
0.0	2965	
0.66	2967	
0.05	2974	
0.77	2975	
0.01	2979	
0.03	2968	
0.02	2977	
0.01	2984	
0.02	2988	
0.0	2979	
0.0	2990	
0.02	2975	
0.01	2992	
0.0	2989	
0.0	2983	
0.0	2990	
0.02	2987	
0.01	2984	
0.02	2990	
0.02	2986	
0.01	2996	
0.01	2984	
0.0	3002	
0.03	2991	
0.03	2988	
0.03	2988	
0.03	2992	
0.03	3006	
0.03	3000	
0.03	3001	
0.04	3007	
0.05	3011	
0.01	3004	
0.05	3002	
0.04	3003	
0.01	3002	
0.06	3006	
0.11	3011	
0.05	3004	
0.13	3016	
0.1	3011	
0.25	3007	
0.03	3009	
0.01	3017	
0.02	3008	
0.05	3008	
0.11	3018	
0.01	3027	
0.1	3020	
0.01	3025	
0.0	3030	
0.07	3021	
0.16	3023	
0.04	3017	
0.01	3024	
0.05	3035	
0.06	3029	
0.11	3022	
0.1	3030	
0.07	3023	
0.05	3034	
0.0	3037	
0.07	3036	
0.11	3040	
0.02	3041	
0.01	3032	
0.05	3038	
0.01	3034	
0.01	3043	
0.01	3049	
0.04	3039	
0.03	3043	
0.02	3047	
0.02	3045	
0.01	3037	
0.02	3041	
0.02	3042	
0.03	3045	
0.1	3058	
0.13	3056	
0.04	3043	
0.05	3056	
0.0	3050	
0.01	3061	
0.01	3056	
0.04	3060	
0.01	3052	
0.0	3061	
0.0	3067	
0.15	3054	
0.02	3058	
0.07	3067	
0.17	3059	
0.02	3060	
0.01	3069	
0.08	3060	
0.01	3066	
0.05	3077	
0.01	3077	
0.0	3066	
0.11	3078	
0.01	3064	
0.01	3078	
0.09	3077	
0.0	3071	
0.09	3077	
0.07	3080	
0.15	3076	
0.15	3075	
0.09	3077	
0.05	3080	
0.01	3087	
0.13	3089	
0.12	3088	
0.14	3077	
0.1	3082	
0.17	3079	
0.0	3088	
0.05	3087	
0.01	3090	
0.15	3098	
0.18	3087	
0.01	3087	
0.11	3099	
0.06	3087	
0.16	3102	
0.02	3094	
0.02	3107	
0.02	3107	
0.01	3093	
0.03	3097	
0.01	3095	
0.01	3111	
0.01	3107	
0.03	3109	
0.01	3115	
0.0	3108	
0.01	3100	
0.0	3118	
0.03	3112	
0.03	3108	
0.03	3118	
0.0	3112	
0.01	3108	
0.01	3114	
0.02	3120	
0.0	3114	
0.04	3125	
0.05	3123	
0.87	3126	
0.09	3130	
0.05	3129	
0.55	3124	
0.31	3116	
0.28	3117	
0.02	3125	
0.18	3119	
0.14	3128	
0.41	3132	
0.02	3129	
0.03	3139	
0.22	3133	
0.09	3126	
0.92	3141	
0.18	3136	
0.02	3134	
0.02	3140	
0.03	3140	
0.08	3136	
0.01	3134	
0.01	3137	
0.05	3134	
0.01	3150	
0.03	3153	
0.06	3142	
0.05	3140	
0.0	3155	
0.0	3153	
0.02	3149	
0.05	3149	
0.01	3149	
0.02	3144	
0.05	3149	
0.05	3154	
0.05	3161	
0.27	3161	
0.12	3166	
0.0	3156	
0.0	3164	
0.0	3160	
0.0	3156	
0.01	3167	
0.01	3156	
0.01	3171	
0.01	3166	
0.01	3167	
0.01	3169	
0.0	3166	
0.05	3172	
0.29	3179	
0.02	3178	
0.5	3181	
0.28	3172	
0.89	3173	
0.08	3170	
0.6	3185	
0.02	3177	
0.09	3170	
0.06	3184	
0.08	3182	
0.42	3187	
0.64	3184	
0.13	3179	
0.15	3182	
0.14	3185	
0.1	3191	
0.15	3190	
0.1	3193	
0.39	3193	
0.11	3195	
0.04	3199	
0.12	3191	
0.55	3194	
0.26	3202	
0.32	3189	
0.03	3202	
0.03	3205	
0.04	3198	
0.08	3191	
0.08	3202	
0.04	3195	
0.02	3209	
0.08	3201	
0.13	3208	
0.06	3199	
0.06	3205	
0.06	3202	
0.06	3215	
0.17	3207	
0.35	3217	
0.06	3208	
0.06	3221	
0.06	3211	
0.06	3215	
0.06	3208	
0.11	3217	
0.18	3225	
0.18	3216	
0.01	3220	
0.02	3226	
0.16	3223	
0.06	3227	
0.01	3222	
0.01	3226	
0.01	3224	
0.02	3223	
0.01	3227	
0.02	3235	
0.01	3223	
0.02	3234	
0.03	3233	
0.03	3231	
0.0	3231	
0.0	3231	
0.07	3243	
0.18	3244	
0.68	3229	
0.01	3233	
0.03	3240	
0.02	3238	
0.02	3248	
0.02	3238	
0.01	3240	
0.02	3251	
0.01	3241	
0.02	3247	
0.04	3256	
0.04	3240	
0.04	3243	
0.04	3250	
0.04	3243	
0.08	3255	
0.08	3246	
0.01	3263	
0.03	3255	
0.0	3265	
0.09	3249	
0.04	3259	
0.05	3262	
0.22	3255	
0.09	3265	
0.09	3270	
0.09	3255	
0.04	3263	
0.05	3261	
0.05	3269	
0.12	3273	
0.21	3276	
0.0	3272	
0.0	3266	
0.02	3276	
0.09	3273	
0.15	3272	
0.09	3272	
0.09	3279	
0.09	3270	
0.08	3269	
0.16	3287	
0.13	3285	
0.21	3277	
0.0	3278	
0.01	3279	
0.02	3283	
0.02	3282	
0.0	3278	
0.0	3290	
0.0	3295	
0.12	3293	
0.01	3289	
0.03	3295	
0.01	3289	
0.0	3287	
0.01	3290	
0.02	3287	
0.0	3302	
0.01	3290	
0.03	3296	
0.03	3306	
0.01	3296	
0.01	3308	
0.0	3305	
0.01	3300	
0.04	3312	
0.03	3296	
0.23	3311	
0.06	3307	
0.12	3310	
0.08	3306	
0.08	3310	
0.08	3303	
0.26	3320	
0.28	3317	
0.37	3306	
0.01	3309	
0.02	3314	
0.04	3315	
0.05	3324	
0.02	3324	
0.09	3328	
0.16	3326	
0.05	3327	
0.03	3315	
0.02	3331	
0.03	3325	
0.02	3317	
0.16	3322	
0.34	3333	
0.03	3332	
0.03	3334	
0.02	3338	
0.03	3334	
0.04	3335	
0.01	3332	
0.01	3342	
0.02	3334	
0.03	3330	
0.09	3332	
0.1	3337	
0.03	3346	
0.03	3348	
0.09	3343	
0.15	3348	
0.15	3336	
0.28	3338	
0.05	3345	
0.15	3348	
0.16	3352	
0.15	3340	
0.15	3354	
0.04	3350	
0.02	3360	
0.02	3361	
0.02	3359	
0.12	3354	
0.18	3348	
0.16	3351	
0.35	3365	
0.02	3353	
0.01	3365	
0.07	3368	
0.02	3367	
0.02	3366	
0.02	3372	
0.0	3369	
0.01	3374	
0.08	3370	
0.08	3370	
0.04	3372	
0.04	3362	
0.04	3366	
0.08	3366	
0.08	3368	
0.21	3371	
0.12	3379	
0.1	3383	
0.11	3372	
0.02	3372	
0.2	3380	
0.56	3377	
0.22	3373	
0.23	3387	
0.09	3384	
0.49	3387	
0.01	3376	
0.01	3381	
0.0	3383	
0.0	3385	
0.01	3385	
0.02	3392	
0.06	3383	
0.05	3386	
0.02	3389	
0.02	3399	
0.01	3398	
0.05	3402	
0.0	3398	
0.02	3404	
0.04	3393	
0.03	3405	
0.06	3401	
0.03	3408	
0.04	3405	
0.04	3400	
0.05	3408	
0.06	3411	
0.06	3414	
0.21	3401	
0.12	3409	
0.24	3402	
0.26	3409	
0.33	3406	
0.19	3410	
0.39	3406	
0.34	3417	
0.93	3421	
0.02	3411	
0.03	3423	
0.05	3427	
0.08	3421	
0.16	3417	
0.05	3427	
0.1	3426	
0.1	3422	
0.01	3417	
0.0	3426	
0.05	3433	
0.03	3421	
0.02	3432	
0.0	3425	
0.02	3423	
0.05	3424	
0.0	3439	
0.0	3431	
0.01	3441	
0.01	3444	
0.01	3428	
0.02	3435	
0.02	3444	
0.02	3439	
0.02	3444	
0.03	3447	
0.0	3440	
0.04	3435	
0.03	3453	
0.03	3441	
0.03	3442	
0.0	3443	
0.03	3452	
0.25	3446	
0.02	3442	
0.02	3445	
0.02	3453	
0.03	3445	
0.03	3450	
0.0	3452	
0.02	3453	
0.03	3466	
0.02	3459	
0.02	3460	
0.01	3468	
0.03	3457	
0.05	3459	
0.07	3464	
0.03	3460	
0.03	3473	
0.03	3473	
0.0	3461	
0.01	3475	
0.01	3474	
0.01	3476	
0.01	3476	
0.01	3472	
0.02	3477	
0.0	3468	
0.02	3468	
0.0	3482	
0.02	3469	
0.0	3473	
0.04	3477	
0.01	3489	
0.06	3477	
0.04	3475	
0.04	3483	
0.11	3493	
0.08	3492	
0.09	3483	
0.14	3488	
0.01	3485	
0.02	3492	
0.08	3493	
0.0	3495	
0.02	3495	
0.04	3501	
0.06	3499	
0.01	3487	
0.05	3500	
0.01	3496	
0.02	3497	
0.02	3502	
0.04	3504	
0.04	3500	
0.03	3509	
0.04	3495	
0.04	3511	
0.01	3503	
0.08	3513	
0.07	3511	
0.07	3514	
0.11	3501	
0.2	3506	
0.05	3520	
0.05	3512	
0.02	3520	
0.0	3519	
0.03	3519	
0.0	3509	
0.03	3513	
0.0	3513	
0.0	3516	
0.0	3525	
0.02	3524	
0.0	3520	
0.0	3522	
0.0	3527	
0.0	3523	
0.03	3535	
0.03	3529	
0.03	3533	
0.03	3535	
0.05	3538	
0.05	3538	
0.04	3536	
0.02	3538	
0.05	3528	
0.0	3542	
0.05	3538	
0.13	3543	
0.34	3530	
0.24	3548	
0.15	3544	
0.22	3542	
0.01	3538	
0.0	3546	
0.0	3546	
0.05	3548	
0.07	3552	
0.11	3548	
0.15	3540	
0.02	3554	
0.02	3546	
0.0	3548	
0.04	3547	
0.16	3556	
0.13	3559	
0.06	3552	
0.56	3553	
0.41	3564	
0.03	3552	
0.03	3567	
0.02	3555	
0.02	3564	
0.01	3556	
0.07	3572	
0.09	3564	
0.14	3557	
0.13	3565	
0.07	3573	
0.25	3566	
0.14	3566	
0.68	3567	
0.82	3580	
0.04	3579	
0.04	3566	
0.02	3582	
0.04	3579	
0.02	3583	
0.23	3573	
0.03	3579	
0.07	3581	
0.07	3577	
0.07	3588	
0.12	3585	
0.09	3577	
0.05	3591	
0.12	3581	
0.01	3592	
0.03	3579	
0.03	3582	
0.03	3586	
0.03	3591	
0.01	3588	
0.03	3584	
0.05	3585	
0.03	3587	
0.02	3588	
0.3	3594	
0.5	3590	
0.27	3591	
0.05	3600	
0.15	3595	
0.27	3600	
0.47	3605	
0.3	3599	
0.27	3603	
0.28	3607	
0.52	3610	
0.31	3611	
0.14	3604	
0.26	3607	
0.25	3612	
0.14	3616	
0.09	3608	
0.13	3617	
0.25	3616	
0.23	3612	
0.21	3619	
0.09	3621	
0.05	3623	
0.25	3628	
0.19	3627	
0.03	3624	
0.17	3614	
0.0	3618	
0.07	3618	
0.13	3634	
0.29	3633	
0.05	3634	
0.05	3625	
0.25	3631	
0.11	3626	
0.07	3631	
0.05	3627	
0.0	3626	
0.0	3639	
0.03	3630	
0.07	3641	
0.07	3639	
0.05	3630	
0.05	3646	
0.05	3633	
0.05	3635	
0.05	3650	
0.05	3646	
0.05	3641	
0.05	3645	
0.01	3640	
0.01	3647	
0.02	3643	
0.01	3651	
0.02	3653	
0.12	3659	
0.12	3661	
0.13	3647	
0.13	3659	
0.13	3649	
0.11	3648	
0.2	3657	
0.23	3659	
0.2	3657	
0.22	3652	
0.11	3666	
0.04	3671	
0.04	3664	
0.08	3661	
0.08	3660	
0.08	3667	
0.08	3662	
0.05	3661	
0.05	3671	
0.03	3672	
0.29	3669	
0.23	3678	
0.26	3680	
0.27	3683	
0.24	3682	
0.24	3683	
0.06	3669	
0.04	3670	
0.04	3688	
0.01	3684	
0.01	3673	
0.02	3689	
0.01	3675	
0.02	3684	
0.04	3692	
0.07	3685	
0.06	3690	
0.04	3681	
0.04	3689	
0.45	3694	
0.44	3683	
0.43	3690	
0.16	3695	
0.1	3687	
0.09	3698	
0.09	3693	
0.11	3694	
0.44	3695	
0.18	3698	
0.2	3702	
0.19	3695	
0.19	3698	
0.19	3712	
0.19	3702	
0.18	3702	
0.19	3698	
0.4	3701	
0.2	3701	
0.19	3714	
0.2	3708	
0.19	3709	
0.3	3709	
0.35	3706	
0.41	3715	
0.37	3707	
0.35	3725	
0.38	3726	
0.69	3714	
0.75	3718	
0.6	3721	
0.04	3725	
0.04	3729	
0.09	3715	
0.04	3731	
0.04	3720	
0.08	3732	
0.03	3726	
0.03	3730	
0.04	3732	
0.04	3732	
0.02	3733	
0.03	3725	
0.02	3735	
0.02	3738	
0.04	3728	
0.0	3731	
0.0	3732	
0.02	3732	
0.33	3739	
0.34	3736	
0.34	3742	
0.34	3740	
0.34	3744	
0.32	3746	
0.33	3738	
0.3	3743	
0.32	3752	
0.35	3756	
0.34	3746	
0.34	3758	
0.32	3746	
0.1	3753	
0.18	3755	
0.14	3754	
0.14	3760	
0.43	3757	
0.36	3763	
0.4	3751	
0.41	3755	
0.38	3757	
0.41	3757	
0.38	3768	
0.37	3758	
0.35	3756	
0.41	3764	
0.41	3773	
0.34	3769	
0.05	3770	
0.01	3767	
0.01	3776	
0.01	3765	
0.04	3767	
0.03	3765	
0.03	3782	
0.02	3784	
0.02	3771	
0.03	3786	
0.03	3776	
0.03	3788	
0.03	3774	
0.03	3778	
0.03	3791	
0.03	3776	
0.03	3780	
0.04	3779	
0.04	3792	
0.04	3791	
0.04	3781	
0.03	3787	
0.01	3796	
0.03	3799	
0.26	3794	
0.27	3795	
0.24	3798	
0.23	3797	
0.23	3800	
0.2	3801	
0.21	3791	
0.22	3800	
0.23	3809	
0.2	3797	
0.2	3801	
0.23	3801	
0.19	3797	
0.2	3804	
0.07	3812	
0.04	3815	
0.1	3816	
0.4	3816	
0.38	3817	
0.35	3806	
0.35	3817	
0.37	3809	
0.4	3809	
0.38	3807	
0.39	3821	
0.37	3812	
0.35	3816	
0.39	3822	
0.95	3814	
0.86	3830	
0.06	3821	
0.12	3829	
0.03	3825	
0.14	3818	
0.15	3823	
0.12	3821	
0.06	3826	
0.3	3837	
0.31	3824	
0.18	3837	
0.17	3835	
0.32	3835	
0.17	3836	
0.7	3841	
0.06	3830	
0.0	3832	
0.01	3841	
0.01	3839	
0.0	3849	
0.0	3847	
0.02	3834	
0.01	3837	
0.02	3853	
0.02	3843	
0.09	3851	
0.09	3850	
0.04	3851	
0.01	3850	
0.02	3852	
0.01	3852	
0.05	3861	
0.09	3846	
0.1	3861	
0.16	3847	
0.15	3857	
0.02	3855	
0.01	3852	
0.01	3859	
0.01	3857	
0.02	3854	
0.01	3865	
0.04	3868	
0.01	3870	
0.04	3870	
0.1	3873	
0.04	3872	
0.0	3865	
0.0	3861	
0.0	3876	
0.0	3868	
0.01	3873	
0.03	3867	
0.04	3874	
0.06	3867	
0.06	3877	
0.07	3884	
0.07	3883	
0.03	3873	
0.08	3873	
0.08	3874	
0.08	3879	
0.08	3884	
0.02	3878	
0.06	3886	
0.09	3890	
0.01	3886	
0.02	3881	
0.01	3883	
0.01	3891	
0.01	3885	
0.03	3890	
0.02	3898	
0.03	3901	
0.04	3896	
0.04	3896	
0.05	3902	
0.05	3901	
0.05	3903	
0.06	3896	
0.09	3898	
0.09	3902	
0.06	3911	
0.06	3900	
0.13	3907	
0.18	3910	
0.05	3906	
0.01	3902	
0.0	3906	
0.08	3902	
0.08	3915	
0.08	3908	
0.08	3907	
0.08	3912	
0.08	3916	
0.16	3923	
0.0	3912	
0.0	3914	
0.0	3924	
0.01	3921	
0.01	3913	
0.01	3919	
0.01	3922	
0.01	3923	
0.01	3928	
0.01	3927	
0.01	3927	
0.0	3923	
0.0	3937	
0.0	3931	
0.02	3934	
0.01	3931	
0.02	3937	
0.03	3933	
0.03	3928	
0.04	3937	
0.04	3945	
0.04	3943	
0.04	3933	
0.04	3939	
0.01	3939	
0.01	3937	
0.01	3935	
0.03	3949	
0.01	3940	
0.01	3947	
0.03	3942	
0.01	3941	
0.01	3947	
0.02	3951	
0.02	3952	
0.03	3945	
0.11	3946	
0.22	3957	
0.59	3957	
0.94	3956	
0.33	3958	
0.7	3967	
0.15	3964	
0.39	3964	
0.67	3965	
0.31	3965	
0.38	3972	
0.21	3968	
0.65	3970	
0.43	3967	
0.44	3970	
0.45	3973	
0.43	3978	
0.57	3968	
0.39	3976	
0.11	3977	
0.89	3974	
0.42	3983	
0.4	3983	
0.2	3977	
0.24	3984	
0.33	3972	
0.45	3981	
0.44	3977	
0.4	3973	
0.38	3989	
0.19	3987	
0.45	3984	
0.21	3991	
0.17	3980	
0.82	3982	
0.78	3991	
0.13	3998	
0.36	3995	
0.12	3987	
0.13	3997	
0.18	3994	
0.37	3993	
0.3	3987	
0.34	3989	
0.5	3994	
0.25	4006	
0.28	3998	
0.28	4001	
0.28	4001	
0.04	4000	
0.82	4008	
0.12	4008	
0.19	4004	
0.25	4012	
0.49	4009	
0.59	4016	
0.24	4017	
0.07	4004	
0.24	4006	
0.13	4007	
0.23	4019	
0.22	4008	
0.43	4019	
0.19	4013	
0.09	4015	
0.49	4017	
0.23	4022	
0.27	4024	
0.43	4028	
0.02	4014	
0.0	4027	
0.01	4020	
0.01	4024	
0.01	4026	
0.01	4030	
0.02	4030	
0.01	4030	
0.03	4022	
0.05	4031	
0.03	4037	
0.04	4038	
0.06	4038	
0.06	4033	
0.06	4034	
0.06	4046	
0.12	4039	
0.07	4043	
0.07	4049	
0.0	4048	
0.0	4050	
0.01	4039	
0.03	4052	
0.01	4047	
0.01	4039	
0.02	4039	
0.02	4043	
0.01	4044	
0.0	4052	
0.0	4046	
0.02	4056	
0.0	4059	
0.0	4059	
0.01	4048	
0.02	4064	
0.02	4053	
0.01	4064	
0.02	4056	
0.02	4060	
0.02	4062	
0.0	4057	
0.02	4062	
0.01	4063	
0.01	4072	
0.02	4072	
0.02	4072	
0.03	4067	
0.02	4064	
0.01	4068	
0.01	4063	
0.02	4079	
0.02	4071	
0.04	4079	
0.05	4075	
0.08	4073	
0.04	4069	
0.04	4085	
0.04	4078	
0.06	4082	
0.13	4081	
0.02	4076	
0.02	4089	
0.0	4091	
0.08	4089	
0.15	4090	
0.06	4085	
0.89	4094	
0.67	4091	
0.01	4087	
0.0	4084	
0.0	4099	
0.0	4091	
0.01	4094	
0.01	4092	
0.03	4103	
0.01	4106	
0.01	4092	
0.07	4092	
0.01	4108	
0.01	4096	
0.02	4102	
0.02	4096	
0.01	4096	
0.04	4105	
0.02	4104	
0.02	4107	
0.1	4109	
0.04	4114	
0.02	4102	
0.45	4105	
0.27	4112	
0.12	4111	
0.03	4109	
0.04	4122	
0.58	4119	
0.07	4111	
0.26	4126	
0.02	4115	
0.16	4117	
0.03	4128	
0.69	4123	
0.16	4120	
0.46	4120	
0.03	4134	
0.04	4126	
0.0	4127	
0.0	4128	
0.0	4138	
0.03	4135	
0.07	4139	
0.01	4136	
0.01	4125	
0.0	4130	
0.01	4133	
0.05	4143	
0.06	4138	
0.0	4144	
0.0	4136	
0.02	4149	
0.0	4138	
0.02	4144	
0.02	4149	
0.02	4146	
0.03	4137	
0.02	4153	
0.03	4148	
0.02	4146	
0.02	4147	
0.03	4149	
0.02	4150	
0.05	4148	
0.0	4154	
0.04	4155	
0.03	4164	
0.05	4159	
0.04	4156	
0.03	4161	
0.07	4166	
0.08	4154	
0.01	4157	
0.03	4166	
0.01	4160	
0.01	4170	
0.02	4159	
0.29	4162	
0.06	4165	
0.11	4165	
0.38	4174	
0.18	4168	
0.38	4167	
0.01	4168	
0.01	4177	
0.01	4171	
0.01	4179	
0.01	4183	
0.01	4174	
0.03	4183	
0.02	4185	
0.03	4183	
0.02	4187	
0.03	4174	
0.06	4192	
0.07	4185	
0.07	4188	
0.14	4179	
0.72	4195	
0.61	4189	
0.64	4192	
0.42	4195	
0.61	4188	
0.02	4192	
0.28	4185	
0.11	4199	
0.11	4194	
0.51	4197	
0.63	4193	
0.95	4193	
0.37	4198	
0.03	4196	
0.48	4207	
0.14	4197	
0.56	4195	
0.39	4206	
0.51	4201	
0.16	4205	
0.12	4207	
0.83	4217	
0.7	4206	
0.01	4203	
0.02	4211	
0.01	4212	
0.04	4222	
0.01	4219	
0.01	4207	
0.01	4218	
0.0	4221	
0.04	4212	
0.09	4226	
0.09	4225	
0.1	4215	
0.06	4224	
0.0	4224	
0.0	4217	
0.0	4221	
0.0	4226	
0.0	4235	
0.0	4220	
0.01	4237	
0.09	4228	
0.01	4224	
0.01	4231	
0.01	4237	
0.01	4236	
0.01	4240	
0.09	4235	
0.01	4232	
0.01	4236	
0.01	4247	
0.01	4233	
0.09	4239	
0.09	4245	
0.01	4243	
0.01	4239	
0.09	4243	
0.01	4253	
0.09	4248	
0.01	4247	
0.03	4252	
0.0	4251	
0.06	4259	
0.06	4259	
0.06	4246	
0.06	4249	
0.06	4260	
0.01	4262	
0.04	4261	
0.02	4259	
0.01	4261	
0.02	4269	
0.02	4268	
0.01	4271	
0.04	4264	
0.01	4264	
0.01	4257	
0.04	4274	
0.04	4274	
0.01	4264	
0.04	4264	
0.04	4263	
0.07	4266	
0.06	4270	
0.06	4272	
0.06	4270	
0.06	4279	
0.06	4269	
0.06	4282	
0.06	4270	
0.06	4279	
0.28	4287	
0.84	4273	
0.06	4275	
0.56	4279	
0.52	4280	
0.53	4289	
0.56	4289	
0.86	4281	
0.24	4293	
0.04	4290	
0.92	4282	
0.25	4298	
0.56	4301	
0.17	4289	
0.37	4286	
0.31	4297	
0.56	4292	
0.13	4296	
0.26	4304	
0.81	4303	
0.78	4303	
0.51	4305	
0.65	4297	
0.44	4311	
0.4	4310	
0.48	4302	
0.25	4306	
0.06	4311	
0.06	4317	
0.12	4313	
0.06	4316	
0.02	4311	
0.03	4318	
0.03	4319	
0.03	4315	
0.04	4323	
0.03	4315	
0.05	4321	
0.02	4326	
0.06	4316	
0.06	4314	
0.06	4322	
0.14	4325	
0.0	4332	
0.3	4319	
0.1	4326	
0.34	4327	
0.09	4324	
0.03	4323	
0.48	4338	
0.98	4328	
0.42	4335	
0.82	4337	
0.34	4332	
0.08	4336	
0.7	4344	
0.08	4335	
0.22	4339	
0.1	4335	
0.73	4347	
0.52	4332	
0.35	4339	
0.11	4351	
0.9	4337	
0.04	4339	
0.35	4353	
0.44	4341	
0.11	4342	
0.03	4344	
0.04	4346	
0.1	4351	
0.3	4357	
0.01	4355	
0.88	4349	
0.03	4349	
0.47	4347	
0.22	4359	
0.03	4365	
0.03	4359	
0.03	4367	
0.06	4362	
0.02	4362	
0.04	4367	
0.01	4363	
0.01	4369	
0.01	4370	
0.01	4368	
0.01	4360	
0.01	4372	
0.01	4370	
0.01	4371	
0.01	4379	
0.01	4365	
0.03	4369	
0.04	4368	
0.04	4368	
0.05	4381	
0.02	4377	
0.02	4380	
0.02	4386	
0.03	4388	
0.04	4374	
0.04	4381	
0.26	4379	
0.62	4390	
0.05	4377	
0.05	4380	
0.06	4392	
0.11	4385	
0.06	4381	
0.0	4398	
0.1	4392	
0.27	4387	
0.1	4392	
0.12	4386	
0.19	4398	
0.05	4403	
0.49	4396	
0.6	4401	
0.55	4396	
0.01	4408	
0.0	4399	
0.0	4395	
0.27	4397	
0.97	4412	
0.49	4413	
0.11	4398	
0.46	4400	
0.4	4402	
0.09	4417	
0.13	4409	
0.0	4420	
0.01	4418	
0.02	4414	
0.01	4411	
0.1	4415	
0.09	4423	
0.1	4414	
0.14	4413	
0.05	4411	
0.19	4424	
0.06	4428	
0.16	4430	
0.08	4426	
0.02	4428	
0.01	4423	
0.25	4424	
0.59	4429	
0.89	4422	
0.12	4426	
0.02	4422	
0.03	4423	
0.05	4431	
0.03	4436	
0.06	4435	
0.06	4437	
0.06	4445	
0.24	4430	
0.08	4444	
0.08	4440	
0.33	4440	
0.08	4443	
0.08	4445	
0.25	4450	
0.59	4449	
0.03	4442	
0.03	4438	
0.01	4441	
0.0	4453	
0.01	4444	
0.01	4458	
0.31	4458	
0.22	4456	
0.69	4455	
0.46	4455	
0.69	4458	
0.39	4455	
0.13	4460	
0.38	4451	
0.01	4455	
0.0	4454	
0.03	4455	
0.0	4458	
0.0	4465	
0.03	4465	
0.02	4458	
0.02	4458	
0.07	4463	
0.0	4464	
0.08	4472	
0.04	4478	
0.04	4463	
0.08	4466	
0.01	4475	
0.07	4470	
0.0	4470	
0.08	4473	
0.12	4476	
0.13	4479	
0.13	4472	
0.25	4475	
0.32	4481	
0.27	4485	
0.47	4490	
0.03	4482	
0.04	4484	
0.02	4485	
0.04	4489	
0.04	4496	
0.04	4487	
0.04	4492	
0.71	4496	
0.02	4490	
0.03	4485	
0.03	4486	
0.03	4492	
0.03	4504	
0.03	4498	
0.03	4502	
0.03	4492	
0.03	4499	
0.03	4500	
0.52	4508	
0.03	4497	
0.03	4504	
0.03	4511	
0.09	4510	
0.02	4504	
0.02	4514	
0.02	4502	
0.02	4511	
0.02	4515	
0.02	4511	
0.02	4514	
0.02	4509	
0.25	4515	
0.02	4520	
0.6	4523	
0.0	4524	
0.01	4511	
0.0	4514	
0.0	4522	
0.03	4527	
0.06	4530	
0.04	4518	
0.04	4522	
0.04	4522	
0.04	4525	
0.04	4525	
0.04	4521	
0.04	4534	
0.04	4523	
0.04	4530	
0.04	4539	
0.0	4533	
0.02	4542	
0.34	4530	
0.27	4530	
0.03	4543	
0.02	4534	
0.04	4533	
0.01	4533	
0.01	4534	
0.0	4552	
0.0	4551	
0.01	4553	
0.01	4551	
0.0	4555	
0.1	4549	
0.24	4554	
0.13	4542	
0.35	4552	
0.41	4557	
0.18	4550	
0.36	4555	
0.06	4558	
0.06	4558	
0.06	4556	
0.01	4559	
0.0	4555	
0.01	4555	
0.01	4562	
0.01	4570	
0.0	4565	
0.01	4567	
0.01	4571	
0.0	4575	
0.0	4573	
0.06	4569	
0.06	4578	
0.0	4564	
0.09	4566	
0.09	4577	
0.05	4567	
0.05	4576	
0.05	4580	
0.05	4568	
0.05	4580	
0.05	4574	
0.05	4571	
0.05	4588	
0.05	4581	
0.05	4587	
0.08	4578	
0.31	4590	
0.02	4593	
0.12	4593	
0.01	4590	
0.02	4583	
0.01	4596	
0.38	4594	
0.19	4590	
0.19	4587	
0.29	4595	
0.19	4587	
0.19	4604	
0.17	4598	
0.0	4592	
0.0	4598	
0.0	4605	
0.0	4597	
0.04	4599	
0.04	4603	
0.01	4597	
0.05	4609	
0.05	4602	
0.01	4603	
0.03	4614	
0.13	4615	
0.01	4606	
0.03	4618	
0.03	4614	
0.03	4617	
0.12	4608	
0.01	4607	
0.09	4610	
0.09	4611	
0.19	4616	
0.18	4617	
0.04	4616	
0.05	4615	
0.05	4616	
0.05	4626	
0.03	4630	
0.03	4621	
0.0	4619	
0.0	4629	
0.01	4630	
0.0	4625	
0.0	4627	
0.02	4622	
0.01	4623	
0.0	4634	
0.0	4634	
0.01	4635	
0.01	4629	
0.01	4645	
0.02	4637	
0.0	4639	
0.01	4643	
0.0	4637	
0.01	4635	
0.03	4649	
0.01	4650	
0.0	4640	
0.0	4643	
0.06	4644	
0.03	4639	
0.01	4643	
0.0	4656	
0.0	4649	
0.01	4649	
0.02	4655	
0.02	4662	
0.02	4658	
0.01	4654	
0.04	4656	
0.06	4664	
0.08	4657	
0.06	4664	
0.0	4654	
0.03	4661	
0.03	4658	
0.05	4670	
0.04	4672	
0.04	4664	
0.01	4667	
0.02	4671	
0.0	4663	
0.0	4676	
0.02	4666	
0.02	4675	
0.02	4680	
0.01	4668	
0.02	4672	
0.03	4669	
0.01	4674	
0.02	4672	
0.0	4682	
0.01	4684	
0.0	4679	
0.0	4689	
0.02	4688	
0.0	4684	
0.02	4680	
0.04	4686	
0.04	4684	
0.01	4682	
0.0	4691	
0.01	4694	
0.0	4698	
0.0	4685	
0.01	4692	
0.01	4687	
0.2	4696	
0.1	4696	
0.04	4705	
0.13	4694	
0.0	4707	
0.0	4693	
0.01	4700	
0.0	4705	
0.0	4703	
0.01	4704	
0.0	4711	
0.0	4701	
0.0	4712	
0.01	4716	
0.01	4711	
0.01	4716	
0.01	4706	
0.0	4710	
0.03	4713	
0.0	4706	
0.03	4711	
0.02	4723	
0.02	4724	
0.0	4717	
0.02	4721	
0.09	4725	
0.03	4723	
0.01	4724	
0.04	4724	
0.05	4722	
0.05	4723	
0.02	4720	
0.02	4720	
0.01	4731	
0.01	4736	
0.01	4730	
0.01	4734	
0.02	4734	
0.03	4731	
0.03	4740	
0.03	4732	
0.01	4729	
0.02	4733	
0.0	4733	
0.06	4739	
0.12	4736	
0.08	4737	
0.21	4749	
0.06	4739	
0.05	4750	
0.02	4753	
0.01	4739	
0.34	4743	
0.0	4739	
0.02	4743	
0.06	4750	
0.0	4750	
0.0	4754	
0.04	4757	
0.0	4750	
0.0	4756	
0.0	4749	
0.0	4764	
0.01	4756	
0.01	4757	
0.0	4755	
0.0	4761	
0.01	4760	
0.0	4766	
0.04	4763	
0.01	4757	
0.04	4760	
0.14	4765	
0.28	4767	
0.03	4775	
0.09	4776	
0.02	4768	
0.04	4779	
0.03	4772	
0.08	4765	
0.01	4767	
0.09	4782	
0.0	4770	
0.04	4786	
0.09	4778	
0.07	4780	
0.09	4777	
0.09	4773	
0.09	4790	
0.18	4784	
0.16	4781	
0.01	4791	
0.06	4788	
0.0	4792	
0.01	4789	
0.03	4785	
0.0	4794	
0.0	4792	
0.01	4790	
0.04	4796	
0.02	4788	
0.01	4804	
0.0	4802	
0.06	4798	
0.11	4799	
0.01	4803	
0.03	4796	
0.01	4802	
0.04	4808	
0.05	4801	
0.12	4806	
0.0	4805	
0.0	4803	
0.0	4804	
0.02	4812	
0.0	4818	
0.01	4818	
0.0	4816	
0.07	4804	
0.0	4807	
0.0	4816	
0.07	4813	
0.0	4815	
0.07	4819	
0.06	4810	
0.06	4816	
0.06	4825	
0.03	4829	
0.03	4816	
0.01	4829	
0.01	4819	
0.0	4834	
0.03	4827	
0.0	4822	
0.0	4828	
0.03	4830	
0.01	4822	
0.05	4838	
0.0	4830	
0.05	4826	
0.0	4843	
0.01	4837	
0.03	4833	
0.03	4845	
0.01	4835	
0.03	4842	
0.0	4832	
0.03	4850	
0.02	4845	
0.01	4836	
0.07	4840	
0.05	4848	
0.04	4843	
0.04	4850	
0.03	4847	
0.07	4852	
0.03	4846	
0.07	4851	
0.03	4861	
0.03	4849	
0.03	4862	
0.07	4860	
0.07	4861	
0.03	4860	
0.09	4851	
0.09	4857	
0.01	4869	
0.03	4858	
0.0	4863	
0.01	4860	
0.14	4866	
0.01	4870	
0.04	4871	
0.06	4870	
0.01	4871	
0.06	4862	
0.06	4868	
0.02	4877	
0.01	4865	
0.06	4880	
0.06	4881	
0.06	4870	
0.06	4874	
0.12	4883	
0.11	4882	
0.07	4874	
0.24	4886	
0.24	4877	
0.19	4883	
0.05	4876	
0.05	4889	
0.14	4894	
0.04	4888	
0.04	4888	
0.01	4889	
0.06	4895	
0.06	4890	
0.13	4884	
0.06	4884	
0.06	4896	
0.06	4902	
0.12	4903	
0.06	4890	
0.14	4891	
0.14	4902	
0.13	4906	
0.18	4893	
0.2	4910	
0.11	4900	
0.02	4897	
0.02	4903	
0.01	4914	
0.01	4898	
0.03	4905	
0.04	4904	
0.0	4912	
0.01	4913	
0.0	4910	
0.01	4909	
0.01	4907	
0.02	4915	
0.11	4918	
0.1	4909	
0.31	4919	
0.1	4924	
0.11	4924	
0.03	4913	
0.02	4922	
0.02	4931	
0.02	4918	
0.03	4932	
0.04	4920	
0.04	4926	
0.04	4920	
0.23	4920	
0.04	4932	
0.04	4938	
0.04	4933	
0.04	4926	
0.04	4931	
0.08	4932	
0.02	4941	
0.01	4941	
0.01	4935	
0.0	4944	
0.15	4941	
0.01	4938	
0.01	4941	
0.02	4941	
0.16	4942	
0.17	4941	
0.34	4940	
0.18	4954	
0.24	4943	
0.19	4943	
0.01	4943	
0.0	4949	
0.0	4945	
0.0	4952	
0.0	4954	
0.0	4952	
0.0	4956	
0.0	4948	
0.0	4951	
0.0	4961	
0.0	4959	
0.0	4967	
0.03	4953	
0.06	4966	
0.09	4962	
0.18	4958	
0.09	4961	
0.01	4969	
0.02	4959	
0.15	4961	
0.14	4970	
0.01	4970	
0.02	4969	
0.01	4980	
0.01	4969	
0.0	4971	
0.02	4982	
0.03	4976	
0.02	4969	
0.03	4975	
0.03	4983	
0.03	4979	
0.03	4987	
0.06	4976	
0.06	4990	
0.03	4991	
0.06	4991	
0.06	4986	
0.07	4982	
0.07	4980	
0.07	4981	
0.07	4989	
0.04	4988	
0.04	4987	
0.05	4989	
0.08	4991	
0.01	4990	
0.0	4993	
0.05	5004	
0.06	4995	
0.01	4994	
0.01	5009	
0.01	4998	
0.02	5003	
0.0	5001	
0.02	5010	
0.01	4997	
0.0	5009	
0.01	5009	
0.0	5012	
0.01	5001	
0.01	5004	
0.1	5017	
0.2	5006	
0.11	5007	
0.11	5018	
0.03	5018	
0.01	5016	
0.02	5024	
0.05	5011	
0.05	5012	
0.02	5025	
0.02	5025	
0.01	5023	
0.03	5028	
0.03	5033	
0.04	5026	
0.01	5031	
0.02	5030	
0.05	5020	
0.06	5032	
0.06	5032	
0.12	5036	
0.12	5028	
0.18	5025	
0.16	5031	
0.07	5035	
0.07	5028	
0.23	5041	
0.22	5041	
0.0	5044	
0.15	5049	
0.05	5041	
0.3	5044	
0.09	5037	
0.05	5047	
0.05	5037	
0.05	5051	
0.12	5055	
0.03	5056	
0.05	5054	
0.12	5052	
0.05	5048	
0.05	5045	
0.05	5058	
0.11	5059	
0.12	5063	
0.07	5055	
0.02	5066	
0.02	5063	
0.06	5052	
0.03	5059	
0.03	5068	
0.03	5063	
0.03	5060	
0.03	5066	
0.03	5074	
0.03	5066	
0.03	5061	
0.03	5062	
0.01	5071	
0.03	5064	
0.06	5067	
0.0	5066	
0.0	5067	
0.24	5076	
0.0	5080	
0.0	5072	
0.0	5075	
0.01	5076	
0.0	5088	
0.0	5080	
0.02	5088	
0.0	5081	
0.0	5082	
0.0	5080	
0.0	5078	
0.0	5080	
0.0	5084	
0.0	5095	
0.0	5093	
0.0	5099	
0.14	5089	
0.01	5101	
0.05	5087	
0.07	5093	
0.0	5095	
0.08	5100	
0.09	5090	
0.09	5104	
0.15	5108	
0.16	5100	
0.19	5100	
0.1	5107	
0.18	5097	
0.34	5097	
0.01	5114	
0.0	5103	
0.01	5104	
0.01	5111	
0.08	5117	
0.05	5119	
0.19	5103	
0.04	5117	
0.01	5114	
0.15	5112	
0.02	5113	
0.01	5111	
0.66	5121	
0.15	5110	
0.0	5121	
0.09	5113	
0.08	5115	
0.36	5126	
0.19	5118	
0.02	5129	
0.37	5121	
0.02	5131	
0.09	5125	
0.03	5133	
0.04	5133	
0.16	5125	
0.28	5130	
0.62	5134	
0.59	5137	
0.14	5126	
0.04	5138	
0.14	5130	
0.46	5130	
0.15	5145	
0.6	5143	
0.0	5147	
0.15	5134	
0.2	5148	
0.04	5148	
0.19	5151	
0.13	5141	
0.02	5144	
0.01	5139	
0.0	5149	
0.01	5153	
0.04	5154	
0.0	5151	
0.04	5159	
0.01	5161	
0.02	5149	
0.02	5156	
0.04	5157	
0.02	5154	
0.02	5164	
0.01	5165	
0.04	5165	
0.01	5169	
0.0	5162	
0.05	5172	
0.03	5162	
0.03	5166	
0.01	5169	
0.03	5162	
0.02	5170	
0.03	5176	
0.03	5178	
0.02	5166	
0.02	5173	
0.02	5170	
0.04	5175	
0.02	5178	
0.05	5174	
0.05	5183	
0.05	5177	
0.06	5187	
0.09	5174	
0.05	5187	
0.06	5175	
0.1	5178	
0.14	5184	
0.07	5181	
0.05	5184	
0.05	5187	
0.05	5187	
0.05	5185	
0.08	5194	
0.03	5192	
0.04	5190	
0.18	5199	
0.0	5187	
0.0	5193	
0.0	5205	
0.0	5199	
0.01	5196	
0.02	5203	
0.02	5205	
0.01	5206	
0.01	5197	
0.01	5210	
0.05	5213	
0.05	5207	
0.07	5203	
0.09	5203	
0.84	5213	
0.73	5216	
0.35	5216	
0.11	5203	
0.01	5216	
0.01	5218	
0.01	5219	
0.02	5217	
0.04	5210	
0.06	5217	
0.02	5217	
0.01	5212	
0.0	5223	
0.06	5219	
0.06	5216	
0.06	5227	
0.87	5219	
0.09	5222	
0.08	5235	
0.01	5222	
0.04	5222	
0.07	5222	
0.13	5223	
0.25	5226	
0.41	5238	
0.51	5235	
0.87	5235	
0.18	5229	
0.33	5239	
0.18	5233	
0.2	5244	
0.1	5231	
0.33	5237	
0.23	5246	
0.16	5243	
0.16	5237	
0.11	5253	
0.18	5239	
0.06	5238	
0.18	5256	
0.02	5254	
0.07	5258	
0.08	5256	
0.17	5256	
0.01	5253	
0.04	5246	
0.07	5262	
0.01	5258	
0.07	5262	
0.01	5249	
0.06	5261	
0.05	5262	
0.05	5269	
0.05	5262	
0.01	5263	
0.06	5266	
0.04	5263	
0.22	5271	
0.1	5273	
0.23	5272	
0.25	5268	
0.16	5274	
0.08	5274	
0.16	5263	
0.26	5278	
0.43	5274	
0.45	5283	
0.25	5284	
0.28	5280	
0.27	5277	
0.46	5281	
0.24	5275	
0.25	5289	
0.25	5280	
0.09	5284	
0.09	5286	
0.44	5292	
0.49	5284	
0.47	5281	
0.06	5295	
0.02	5290	
0.04	5286	
0.04	5289	
0.02	5294	
0.14	5292	
0.06	5288	
0.03	5288	
0.03	5288	
0.03	5294	
0.03	5302	
0.35	5304	
0.07	5305	
0.24	5300	
0.19	5299	
0.19	5300	
0.28	5298	
0.06	5311	
0.03	5302	
0.25	5298	
0.27	5304	
0.27	5307	
0.16	5314	
0.28	5307	
0.21	5319	
0.06	5309	
0.27	5320	
0.26	5323	
0.07	5315	
0.19	5315	
0.21	5310	
0.19	5324	
0.33	5324	
0.27	5315	
0.06	5328	
0.29	5316	
0.27	5316	
0.25	5332	
0.26	5320	
0.25	5333	
0.36	5333	
0.28	5322	
0.02	5336	
0.26	5322	
0.27	5323	
0.26	5341	
0.19	5327	
0.3	5340	
0.02	5339	
0.25	5332	
0.08	5342	
0.18	5330	
0.07	5341	
0.02	5345	
0.15	5343	
0.1	5351	
0.05	5346	
0.03	5346	
0.1	5344	
0.08	5354	
0.02	5347	
0.02	5348	
0.08	5342	
0.07	5354	
0.14	5346	
0.08	5345	
0.07	5348	
0.07	5361	
0.08	5355	
0.02	5351	
0.07	5357	
0.05	5357	
0.02	5356	
0.1	5361	
0.08	5366	
0.14	5361	
0.02	5367	
0.09	5373	
0.09	5359	
0.09	5369	
0.13	5370	
0.05	5374	
0.02	5375	
0.02	5370	
0.44	5363	
0.1	5377	
0.43	5372	
0.13	5377	
0.2	5383	
0.06	5371	
0.04	5372	
0.06	5376	
0.02	5382	
0.31	5376	
0.58	5389	
0.3	5386	
0.09	5380	
0.09	5380	
0.51	5389	
0.04	5380	
0.47	5389	
0.15	5382	
0.02	5392	
0.02	5387	
0.37	5392	
0.39	5392	
0.02	5400	
0.1	5386	
0.18	5389	
0.11	5404	
0.01	5392	
0.06	5406	
0.2	5405	
0.18	5394	
0.16	5406	
0.03	5403	
0.06	5402	
0.08	5411	
0.18	5402	
0.08	5404	
0.1	5416	
0.46	5405	
0.18	5408	
0.1	5409	
0.1	5405	
0.1	5421	
0.08	5412	
0.22	5418	
0.11	5421	
0.01	5415	
0.01	5423	
0.01	5411	
0.02	5424	
0.01	5423	
0.02	5417	
0.01	5428	
0.01	5426	
0.06	5418	
0.06	5432	
0.06	5427	
0.06	5421	
0.31	5426	
0.31	5424	
0.06	5428	
0.06	5424	
0.06	5438	
0.17	5438	
0.79	5427	
0.25	5436	
0.23	5441	
0.06	5438	
0.07	5435	
0.07	5433	
0.1	5446	
0.1	5444	
0.09	5447	
0.04	5439	
0.02	5442	
0.02	5439	
0.02	5454	
0.02	5450	
0.02	5445	
0.0	5445	
0.0	5443	
0.0	5458	
0.03	5455	
0.7	5445	
0.01	5457	
0.02	5460	
0.02	5456	
0.02	5450	
0.0	5465	
0.03	5453	
0.03	5462	
0.03	5465	
0.03	5464	
0.03	5465	
0.03	5473	
0.03	5473	
0.05	5474	
0.08	5459	
0.03	5467	
0.0	5478	
0.0	5473	
0.02	5467	
0.0	5471	
0.01	5472	
0.01	5476	
0.04	5470	
0.03	5479	
0.08	5473	
0.0	5476	
0.0	5476	
0.15	5475	
0.19	5489	
0.04	5487	
0.16	5479	
0.08	5483	
0.1	5492	
0.01	5479	
0.05	5496	
0.01	5489	
0.23	5488	
0.02	5485	
0.01	5483	
0.01	5489	
0.02	5496	
0.04	5487	
0.01	5495	
0.01	5505	
0.01	5498	
0.08	5493	
0.02	5505	
0.07	5508	
0.08	5507	
0.08	5507	
0.08	5499	
0.06	5507	
0.16	5500	
0.09	5507	
0.11	5506	
0.35	5505	
0.01	5503	
0.02	5512	
0.0	5518	
0.02	5514	
0.09	5517	
0.02	5519	
0.01	5509	
0.0	5515	
0.09	5517	
0.09	5515	
0.23	5527	
0.41	5526	
0.41	5528	
0.4	5530	
0.38	5527	
0.76	5518	
0.12	5519	
0.49	5532	
0.02	5531	
0.03	5524	
0.03	5536	
0.04	5525	
0.09	5529	
0.21	5538	
0.25	5541	
0.11	5537	
0.13	5531	
0.22	5536	
0.09	5537	
0.27	5546	
0.0	5534	
0.28	5541	
0.25	5544	
0.02	5536	
0.26	5544	
0.44	5546	
0.17	5547	
0.01	5542	
0.05	5542	
0.0	5551	
0.07	5557	
0.07	5544	
0.0	5543	
0.0	5558	
0.0	5550	
0.0	5549	
0.01	5557	
0.0	5561	
0.06	5550	
0.03	5562	
0.05	5557	
0.06	5559	
0.03	5561	
0.03	5556	
0.05	5560	
0.05	5561	
0.01	5557	
0.0	5558	
0.04	5573	
0.04	5561	
0.03	5576	
0.04	5566	
0.02	5564	
0.04	5575	
0.04	5575	
0.04	5569	
0.02	5576	
0.06	5584	
0.04	5570	
0.04	5582	
0.04	5573	
0.04	5577	
0.04	5584	
0.04	5587	
0.04	5588	
0.07	5591	
0.17	5586	
0.27	5585	
0.01	5588	
0.0	5591	
0.0	5590	
0.02	5595	
0.0	5583	
0.0	5584	
0.01	5601	
0.0	5593	
0.12	5597	
0.26	5597	
0.27	5593	
0.14	5603	
0.02	5595	
0.02	5609	
0.01	5594	
0.08	5596	
0.27	5599	
0.28	5598	
0.47	5598	
0.49	5611	
0.5	5601	
0.51	5611	
0.3	5603	
0.0	5605	
0.01	5604	
0.09	5616	
0.09	5615	
0.56	5623	
0.06	5610	
0.13	5616	
0.12	5612	
0.01	5615	
0.02	5628	
0.04	5613	
0.06	5619	
0.0	5614	
0.01	5617	
0.01	5632	
0.0	5620	
0.01	5622	
0.0	5627	
0.01	5633	
0.0	5636	
0.02	5632	
0.0	5629	
0.01	5641	
0.02	5634	
0.03	5628	
0.04	5636	
0.04	5632	
0.04	5642	
0.04	5645	
0.04	5643	
0.04	5649	
0.01	5643	
0.0	5635	
0.03	5645	
0.01	5638	
0.01	5652	
0.06	5640	
0.03	5656	
0.03	5649	
0.27	5654	
0.3	5658	
0.26	5649	
0.96	5646	
0.05	5650	
0.05	5651	
0.05	5654	
0.05	5653	
0.08	5653	
0.1	5652	
0.13	5652	
0.04	5658	
0.08	5663	
0.0	5658	
0.36	5665	
0.03	5670	
0.02	5665	
0.02	5660	
0.42	5676	
0.43	5674	
0.71	5673	
0.65	5666	
0.73	5673	
0.04	5667	
0.73	5679	
0.43	5679	
0.67	5674	
0.0	5677	
0.59	5686	
0.7	5681	
0.51	5675	
0.49	5689	
0.71	5685	
0.73	5674	
0.11	5683	
0.65	5680	
0.01	5684	
0.76	5686	
0.65	5687	
0.01	5697	
0.03	5696	
0.01	5697	
0.18	5700	
0.19	5696	
0.19	5697	
0.32	5695	
0.41	5703	
0.24	5688	
0.52	5696	
0.02	5704	
0.04	5701	
0.04	5694	
0.04	5707	
0.06	5694	
0.08	5701	
0.08	5699	
0.36	5709	
0.34	5713	
0.4	5702	
0.36	5712	
0.76	5708	
0.78	5714	
0.95	5705	
0.23	5713	
0.45	5722	
0.74	5721	
0.02	5720	
0.02	5720	
0.12	5712	
0.13	5720	
0.06	5721	
0.06	5725	
0.13	5720	
0.05	5730	
0.25	5717	
0.17	5721	
0.78	5730	
0.93	5734	
0.87	5731	
0.85	5735	
0.22	5735	
0.25	5728	
0.04	5726	
0.81	5733	
0.01	5734	
0.0	5742	
0.01	5738	
0.02	5743	
0.02	5741	
0.05	5736	
0.27	5741	
0.67	5741	
0.0	5736	
0.01	5740	
0.01	5738	
0.17	5740	
0.17	5750	
0.03	5754	
0.17	5755	
0.21	5750	
0.23	5753	
0.32	5744	
0.18	5746	
0.21	5744	
0.23	5754	
0.08	5757	
0.12	5749	
0.41	5756	
0.4	5753	
0.42	5753	
0.21	5752	
0.7	5760	
0.15	5762	
0.6	5764	
0.29	5755	
0.42	5767	
0.32	5772	
0.31	5760	
0.03	5766	
0.05	5776	
0.05	5771	
0.09	5771	
0.12	5771	
0.06	5776	
0.0	5780	
0.43	5770	
0.02	5774	
0.09	5773	
0.0	5776	
0.0	5771	
0.03	5784	
0.01	5775	
0.03	5781	
0.0	5779	
0.0	5790	
0.02	5793	
0.0	5781	
0.0	5780	
0.0	5788	
0.0	5792	
0.01	5797	
0.03	5793	
0.03	5800	
0.11	5791	
0.02	5794	
0.05	5789	
0.05	5800	
0.13	5790	
0.05	5789	
0.05	5800	
0.03	5800	
0.01	5794	
0.03	5800	
0.01	5798	
0.12	5804	
0.0	5806	
0.0	5811	
0.0	5809	
0.0	5800	
0.02	5801	
0.02	5816	
0.0	5805	
0.05	5812	
0.0	5805	
0.08	5816	
0.07	5820	
0.08	5810	
0.02	5815	
0.64	5813	
0.08	5811	
0.01	5824	
0.06	5812	
0.0	5826	
0.15	5829	
0.19	5822	
0.18	5826	
0.12	5828	
0.03	5820	
0.02	5830	
0.0	5824	
0.06	5829	
0.31	5838	
0.0	5831	
0.03	5831	
0.1	5830	
0.12	5835	
0.18	5830	
0.13	5829	
0.15	5837	
0.15	5846	
0.14	5837	
0.15	5848	
0.14	5847	
0.17	5842	
0.25	5850	
0.25	5850	
0.23	5847	
0.54	5849	
0.02	5852	
0.04	5848	
0.07	5848	
0.01	5843	
0.01	5855	
0.0	5861	
0.01	5859	
0.0	5860	
0.03	5848	
0.0	5864	
0.01	5860	
0.0	5861	
0.02	5854	
0.02	5856	
0.01	5853	
0.02	5858	
0.03	5862	
0.03	5863	
0.04	5873	
0.04	5871	
0.04	5868	
0.22	5863	
0.04	5863	
0.01	5863	
0.02	5875	
0.05	5865	
0.01	5874	
0.03	5873	
0.01	5882	
0.09	5869	
0.0	5880	
0.0	5876	
0.02	5872	
0.02	5877	
0.0	5883	
0.0	5875	
0.09	5876	
0.15	5879	
0.44	5877	
0.44	5879	
0.03	5891	
0.08	5896	
0.06	5894	
0.18	5898	
0.78	5897	
0.78	5899	
0.02	5902	
0.01	5886	
0.01	5896	
0.0	5899	
0.0	5893	
0.03	5890	
0.02	5902	
0.01	5903	
0.01	5894	
0.01	5904	
0.08	5907	
0.08	5902	
0.05	5897	
0.09	5902	
0.1	5909	
0.14	5911	
0.14	5902	
0.08	5909	
0.08	5904	
0.08	5916	
0.04	5917	
0.17	5922	
0.06	5907	
0.15	5909	
0.06	5911	
0.69	5911	
0.05	5916	
0.05	5913	
0.05	5930	
0.05	5928	
0.05	5928	
0.03	5920	
0.04	5921	
0.04	5929	
0.01	5925	
0.04	5921	
0.02	5923	
0.05	5925	
0.01	5924	
0.02	5932	
0.03	5932	
0.01	5936	
0.03	5932	
0.01	5937	
0.05	5932	
0.05	5944	
0.04	5938	
0.08	5944	
0.14	5941	
0.09	5934	
0.1	5951	
0.19	5949	
0.19	5951	
0.2	5946	
0.0	5947	
0.01	5953	
0.01	5942	
0.11	5946	
0.01	5947	
0.01	5953	
0.01	5951	
0.02	5961	
0.0	5954	
0.01	5961	
0.01	5959	
0.09	5958	
0.08	5966	
0.03	5966	
0.29	5957	
0.33	5954	
0.79	5972	
0.75	5962	
0.69	5971	
0.44	5962	
0.71	5959	
0.77	5966	
0.78	5961	
0.69	5975	
0.85	5968	
0.33	5978	
0.34	5967	
0.48	5980	
0.1	5975	
0.09	5985	
0.1	5969	
0.07	5984	
0.09	5973	
0.17	5976	
0.0	5985	
0.09	5984	
0.1	5991	
0.12	5977	
0.03	5986	
0.02	5987	
0.04	5994	
0.01	5988	
0.0	5989	
0.05	5993	
0.03	5983	
0.0	5990	
0.04	5988	
0.05	5989	
0.03	5998	
0.01	6005	
0.01	5991	
0.01	5994	
0.14	6002	
0.16	6003	
0.27	6008	
0.43	6010	
0.68	6004	
0.51	6006	
0.06	6010	
0.0	6002	
0.0	6000	
0.0	6016	
0.01	6001	
0.0	6012	
0.0	6020	
0.88	6005	
0.34	6009	
0.06	6011	
0.64	6008	
0.63	6018	
0.31	6020	
0.68	6023	
0.7	6020	
0.01	6020	
0.24	6026	
0.03	6022	
0.22	6027	
0.01	6030	
0.06	6034	
0.11	6022	
0.0	6024	
0.04	6026	
0.01	6024	
0.0	6037	
0.0	6037	
0.0	6034	
0.0	6038	
0.01	6040	
0.06	6031	
0.04	6042	
0.06	6040	
0.11	6046	
0.12	6037	
0.13	6041	
0.13	6035	
0.06	6049	
0.06	6040	
0.12	6036	
0.16	6051	
0.01	6051	
0.0	6041	
0.24	6045	
0.09	6050	
0.09	6054	
0.09	6046	
0.09	6044	
0.04	6060	
0.19	6061	
0.15	6054	
0.2	6057	
0.08	6058	
0.05	6053	
0.08	6057	
0.08	6053	
0.02	6058	
0.01	6066	
0.03	6062	
0.02	6064	
0.01	6060	
0.0	6075	
0.01	6060	
0.0	6077	
0.0	6075	
0.01	6064	
0.01	6066	
0.0	6079	
0.01	6077	
0.01	6080	
0.03	6077	
0.0	6081	
0.0	6076	
0.0	6086	
0.02	6077	
0.0	6085	
0.0	6089	
0.0	6089	
0.0	6079	
0.03	6077	
0.01	6083	
0.01	6086	
0.0	6079	
0.02	6092	
0.04	6081	
0.04	6092	
0.04	6088	
0.04	6101	
0.0	6092	
0.01	6096	
0.0	6102	
0.04	6096	
0.0	6096	
0.03	6098	
0.04	6108	
0.01	6092	
0.05	6104	
0.05	6096	
0.01	6104	
0.01	6110	
0.01	6107	
0.03	6103	
0.0	6106	
0.03	6108	
0.05	6111	
0.0	6113	
0.02	6103	
0.21	6115	
0.1	6105	
0.49	6106	
0.93	6112	
0.49	6108	
0.68	6114	
0.0	6114	
0.01	6125	
0.01	6126	
0.0	6120	
0.02	6114	
0.09	6130	
0.01	6129	
0.01	6132	
0.03	6129	
0.03	6126	
0.06	6135	
0.1	6138	
0.15	6136	
0.49	6128	
0.01	6141	
0.0	6132	
0.0	6142	
0.18	6137	
0.18	6140	
0.05	6143	
0.27	6147	
0.24	6141	
0.35	6134	
0.09	6139	
0.25	6142	
0.28	6143	
0.27	6137	
0.24	6148	
0.16	6144	
0.27	6149	
0.37	6156	
0.06	6146	
0.0	6144	
0.02	6151	
0.0	6153	
0.01	6153	
0.03	6156	
0.01	6148	
0.01	6157	
0.01	6157	
0.01	6159	
0.02	6157	
0.01	6159	
0.01	6169	
0.0	6156	
0.0	6159	
0.01	6160	
0.01	6165	
0.01	6173	
0.03	6160	
0.07	6162	
0.04	6178	
0.06	6166	
0.04	6173	
0.06	6166	
0.04	6167	
0.0	6176	
0.06	6183	
0.06	6172	
0.04	6186	
0.06	6177	
0.04	6178	
0.06	6182	
0.06	6183	
0.05	6182	
0.16	6179	
0.05	6186	
0.05	6194	
0.06	6188	
0.03	6180	
0.04	6192	
0.01	6193	
0.03	6187	
0.01	6199	
0.02	6198	
0.03	6185	
0.02	6200	
0.03	6196	
0.02	6191	
0.01	6200	
0.02	6197	
0.01	6196	
0.02	6201	
0.03	6194	
0.03	6194	
0.02	6202	
0.02	6204	
0.01	6198	
0.01	6201	
0.02	6210	
0.03	6200	
0.0	6202	
0.03	6219	
0.02	6219	
0.02	6204	
0.06	6211	
0.12	6218	
0.12	6207	
0.23	6215	
0.75	6209	
0.13	6225	
0.13	6225	
0.12	6227	
0.15	6229	
0.22	6215	
0.03	6225	
0.08	6229	
0.08	6219	
0.1	6229	
0.17	6236	
0.12	6228	
0.13	6225	
0.17	6239	
0.05	6227	
0.13	6241	
0.15	6233	
0.01	6227	
0.01	6231	
0.01	6243	
0.01	6242	
0.03	6243	
0.01	6240	
0.03	6249	
0.03	6242	
0.09	6243	
0.09	6238	
0.09	6246	
0.17	6247	
0.01	6248	
0.0	6253	
0.01	6245	
0.0	6254	
0.07	6242	
0.03	6244	
0.0	6249	
0.17	6248	
0.02	6250	
0.11	6260	
0.09	6248	
0.01	6266	
0.01	6250	
0.22	6252	
0.02	6253	
0.25	6261	
0.01	6269	
0.01	6268	
0.01	6266	
0.0	6263	
0.16	6265	
0.1	6272	
0.04	6263	
0.02	6278	
0.18	6277	
0.08	6275	
0.04	6274	
0.06	6269	
0.04	6274	
0.0	6270	
0.14	6281	
0.04	6282	
0.19	6277	
0.09	6283	
0.51	6281	
0.35	6276	
0.1	6291	
0.35	6288	
0.47	6289	
0.22	6285	
0.01	6289	
0.02	6289	
0.46	6294	
0.07	6282	
0.01	6285	
0.04	6298	
0.04	6297	
0.04	6301	
0.04	6289	
0.08	6303	
0.12	6304	
0.12	6289	
0.05	6290	
0.02	6301	
0.02	6296	
0.02	6303	
0.14	6301	
0.04	6305	
0.03	6311	
0.13	6305	
0.14	6303	
0.12	6309	
0.07	6304	
0.03	6318	
0.04	6312	
0.04	6316	
0.0	6310	
0.04	6316	
0.02	6318	
0.05	6318	
0.33	6323	
0.05	6315	
0.04	6320	
0.07	6311	
0.07	6318	
0.25	6314	
0.02	6319	
0.01	6330	
0.0	6332	
0.0	6318	
0.0	6319	
0.01	6330	
0.01	6325	
0.0	6338	
0.0	6337	
0.02	6339	
0.01	6335	
0.02	6327	
0.01	6333	
0.01	6344	
0.04	6330	
0.02	6334	
0.26	6333	
0.03	6336	
0.03	6349	
0.05	6339	
0.07	6338	
0.17	6342	
0.04	6340	
0.05	6351	
0.02	6347	
0.09	6354	
0.01	6349	
0.0	6356	
0.03	6343	
0.27	6345	
0.06	6360	
0.0	6348	
0.01	6353	
0.16	6347	
0.04	6359	
0.06	6361	
0.01	6366	
0.03	6363	
0.05	6361	
0.09	6361	
0.06	6369	
0.05	6363	
0.0	6359	
0.0	6363	
0.01	6373	
0.01	6371	
0.05	6373	
0.0	6364	
0.01	6373	
0.0	6374	
0.01	6373	
0.04	6380	
0.02	6378	
0.02	6383	
0.02	6377	
0.01	6380	
0.01	6375	
0.2	6376	
0.07	6377	
0.06	6374	
0.01	6385	
0.12	6388	
0.36	6388	
0.0	6391	
0.0	6379	
0.0	6387	
0.0	6391	
0.0	6393	
0.0	6386	
0.01	6394	
0.01	6387	
0.07	6396	
0.02	6398	
0.2	6400	
0.06	6392	
0.2	6404	
0.17	6395	
0.17	6391	
0.28	6403	
0.1	6408	
0.1	6404	
0.06	6400	
0.01	6401	
0.18	6413	
0.05	6403	
0.01	6416	
0.06	6401	
0.06	6402	
0.06	6403	
0.06	6414	
0.06	6416	
0.22	6421	
0.13	6408	
0.23	6412	
0.25	6416	
0.19	6422	
0.26	6421	
0.23	6414	
0.14	6429	
0.22	6415	
0.11	6422	
0.13	6425	
0.25	6429	
0.13	6418	
0.28	6420	
0.13	6425	
0.39	6427	
0.12	6425	
0.13	6435	
0.15	6440	
0.54	6437	
0.55	6431	
0.35	6437	
0.4	6428	
0.0	6440	
0.2	6442	
0.37	6434	
0.0	6432	
0.83	6442	
0.91	6443	
0.04	6447	
0.0	6452	
0.53	6443	
0.01	6447	
0.65	6449	
0.43	6455	
0.3	6456	
0.41	6442	
0.65	6452	
0.66	6452	
0.65	6445	
0.92	6452	
0.01	6451	
0.09	6451	
0.06	6463	
0.01	6454	
0.13	6456	
0.02	6462	
0.01	6461	
0.12	6462	
0.03	6455	
0.06	6460	
0.03	6468	
0.01	6462	
0.01	6470	
0.06	6470	
0.06	6473	
0.06	6469	
0.06	6467	
0.06	6470	
0.06	6476	
0.06	6465	
0.06	6473	
0.06	6480	
0.06	6470	
0.06	6482	
0.06	6471	
0.06	6480	
0.06	6486	
0.06	6473	
0.06	6479	
0.47	6475	
0.04	6492	
0.04	6491	
0.09	6492	
0.04	6490	
0.04	6490	
0.15	6489	
0.04	6497	
0.19	6497	
0.17	6501	
0.14	6495	
0.43	6494	
0.24	6487	
0.14	6502	
0.07	6503	
0.23	6497	
0.07	6497	
0.01	6509	
0.0	6496	
0.01	6509	
0.01	6510	
0.07	6506	
0.07	6512	
0.07	6506	
0.07	6511	
0.07	6500	
0.07	6510	
0.06	6517	
0.06	6518	
0.07	6520	
0.12	6511	
0.13	6520	
0.11	6520	
0.28	6508	
0.17	6513	
0.17	6520	
0.63	6518	
0.06	6517	
0.0	6529	
0.05	6515	
0.01	6531	
0.01	6517	
0.01	6519	
0.01	6519	
0.09	6522	
0.02	6527	
0.02	6521	
0.05	6534	
0.01	6533	
0.01	6526	
0.01	6532	
0.07	6531	
0.02	6531	
0.07	6544	
0.03	6541	
0.02	6534	
0.02	6533	
0.01	6534	
0.01	6535	
0.0	6541	
0.05	6535	
0.0	6545	
0.05	6548	
0.01	6553	
0.01	6545	
0.01	6556	
0.01	6544	
0.04	6542	
0.01	6543	
0.15	6550	
0.1	6551	
0.18	6547	
0.04	6556	
0.03	6561	
0.12	6559	
0.0	6550	
0.03	6562	
0.05	6557	
0.01	6557	
0.0	6563	
0.01	6558	
0.02	6569	
0.0	6567	
0.01	6564	
0.05	6570	
0.06	6574	
0.08	6570	
0.08	6579	
0.09	6573	
0.09	6574	
0.06	6572	
0.17	6576	
0.14	6577	
0.1	6583	
0.18	6573	
0.24	6581	
0.11	6585	
0.11	6573	
0.0	6577	
0.01	6578	
0.01	6584	
0.01	6587	
0.01	6578	
0.02	6584	
0.0	6579	
0.01	6592	
0.04	6592	
0.01	6594	
0.01	6591	
0.02	6593	
0.02	6594	
0.01	6597	
0.01	6594	
0.02	6600	
0.0	6590	
0.01	6591	
0.01	6604	
0.0	6609	
0.03	6599	
0.01	6604	
0.01	6604	
0.01	6601	
0.01	6611	
0.0	6614	
0.02	6615	
0.02	6604	
0.05	6616	
0.05	6619	
0.05	6611	
0.0	6621	
0.01	6607	
0.0	6620	
0.01	6615	
0.0	6618	
0.02	6617	
0.0	6616	
0.01	6627	
0.01	6617	
0.0	6621	
0.01	6618	
0.0	6622	
0.0	6621	
0.0	6618	
0.02	6623	
0.0	6629	
0.01	6633	
0.0	6623	
0.01	6637	
0.0	6625	
0.0	6637	
0.01	6634	
0.01	6633	
0.01	6635	
0.02	6640	
0.02	6641	
0.0	6635	
0.0	6647	
0.03	6649	
0.01	6639	
0.0	6644	
0.01	6650	
0.03	6649	
0.06	6637	
0.04	6655	
0.22	6639	
0.24	6644	
0.26	6658	
0.29	6650	
0.0	6659	
0.0	6650	
0.0	6645	
0.0	6649	
0.0	6654	
0.0	6654	
0.0	6651	
0.0	6659	
0.0	6661	
0.0	6663	
0.01	6664	
0.0	6665	
0.0	6659	
0.0	6661	
0.0	6674	
0.01	6666	
0.01	6663	
0.05	6674	
0.0	6673	
0.02	6674	
0.06	6676	
0.01	6678	
0.03	6677	
0.07	6668	
0.07	6672	
0.07	6677	
0.14	6671	
0.03	6671	
0.05	6676	
0.05	6672	
0.09	6690	
0.01	6678	
0.0	6677	
0.03	6689	
0.11	6689	
0.05	6687	
0.05	6693	
0.39	6689	
0.28	6682	
0.54	6697	
0.13	6688	
0.09	6694	
0.13	6690	
0.09	6698	
0.06	6692	
0.06	6692	
0.12	6691	
0.06	6695	
0.33	6702	
0.24	6705	
0.03	6698	
1.0	6701	
0.01	6710	
0.03	6706	
0.03	6697	
0.39	6705	
0.72	6706	
0.07	6710	
0.09	6702	
0.88	6706	
0.31	6707	
0.67	6720	
0.77	6706	
0.35	6723	
0.98	6708	
0.6	6712	
0.96	6723	
0.04	6726	
0.04	6716	
0.04	6714	
0.04	6727	
0.04	6719	
0.06	6720	
0.04	6727	
0.06	6731	
0.06	6735	
0.06	6729	
0.03	6731	
0.19	6729	
0.1	6726	
0.02	6724	
0.04	6728	
0.1	6727	
0.08	6733	
0.08	6735	
0.1	6731	
0.22	6736	
0.1	6734	
0.15	6731	
0.12	6739	
0.11	6741	
0.04	6739	
0.08	6738	
0.04	6752	
0.15	6750	
0.16	6738	
0.11	6747	
0.08	6740	
0.1	6744	
0.25	6745	
0.08	6756	
0.04	6751	
0.1	6751	
0.08	6746	
0.13	6764	
0.06	6755	
0.06	6764	
0.06	6762	
0.08	6751	
0.01	6762	
0.77	6754	
0.01	6765	
0.0	6769	
0.03	6761	
0.01	6770	
0.0	6772	
0.01	6759	
0.01	6767	
0.0	6767	
0.01	6768	
0.01	6767	
0.01	6765	
0.01	6778	
0.01	6766	
0.02	6772	
0.01	6781	
0.07	6769	
0.28	6775	
0.29	6777	
0.02	6786	
0.05	6773	
0.02	6776	
0.09	6783	
0.55	6785	
0.34	6789	
0.0	6781	
0.38	6788	
0.8	6785	
0.85	6794	
0.06	6786	
0.21	6800	
0.46	6785	
0.01	6797	
0.78	6792	
0.81	6788	
0.1	6799	
0.12	6795	
0.31	6806	
0.14	6793	
0.16	6803	
0.02	6807	
0.02	6798	
0.04	6811	
0.0	6813	
0.05	6811	
0.13	6805	
0.12	6813	
0.08	6812	
0.2	6812	
0.1	6818	
0.32	6814	
0.06	6819	
0.58	6820	
0.11	6810	
0.06	6815	
0.22	6811	
0.23	6825	
0.42	6818	
0.31	6823	
0.21	6821	
0.13	6823	
0.13	6830	
0.42	6815	
0.35	6818	
0.12	6832	
0.04	6832	
0.0	6832	
0.16	6833	
0.27	6828	
0.43	6825	
0.4	6832	
0.8	6828	
0.07	6833	
0.07	6842	
0.17	6828	
0.05	6841	
0.05	6842	
0.05	6837	
0.04	6843	
0.04	6833	
0.62	6836	
0.05	6837	
0.05	6845	
0.05	6849	
0.03	6853	
0.03	6844	
0.03	6851	
0.11	6843	
0.09	6848	
0.1	6845	
0.03	6850	
0.06	6859	
0.03	6856	
0.03	6857	
0.06	6860	
0.06	6849	
0.06	6852	
0.06	6863	
0.06	6854	
0.06	6863	
0.06	6864	
0.06	6867	
0.06	6865	
0.06	6867	
0.06	6860	
0.02	6864	
0.41	6876	
0.44	6863	
0.41	6862	
0.42	6878	
0.12	6874	
0.12	6869	
0.15	6878	
0.18	6881	
0.16	6868	
0.18	6880	
0.17	6882	
0.18	6882	
0.08	6876	
0.07	6884	
0.03	6885	
0.07	6886	
0.07	6889	
0.03	6883	
0.24	6878	
0.25	6895	
0.24	6890	
0.25	6897	
0.26	6883	
0.25	6897	
0.23	6885	
0.22	6895	
0.22	6902	
0.24	6900	
0.23	6901	
0.22	6892	
0.24	6904	
0.25	6896	
0.23	6894	
0.23	6893	
0.22	6902	
0.24	6910	
0.22	6897	
0.24	6910	
0.26	6909	
0.25	6905	
0.25	6906	
0.23	6900	
0.26	6916	
0.22	6919	
0.22	6912	
0.23	6910	
0.22	6908	
0.22	6918	
0.25	6914	
0.22	6917	
0.22	6922	
0.22	6921	
0.22	6915	
0.25	6921	
0.22	6913	
0.23	6919	
0.24	6917	
0.22	6924	
0.03	6926	
0.03	6930	
0.03	6927	
0.03	6937	
0.03	6922	
0.03	6937	
0.07	6939	
0.03	6933	
0.03	6926	
0.03	6939	
0.03	6943	
0.09	6945	
0.03	6941	
0.06	6947	
0.03	6931	
0.09	6947	
0.03	6935	
0.03	6936	
0.32	6942	
0.12	6949	
0.83	6939	
0.28	6955	
0.29	6952	
0.22	6941	
0.29	6946	
0.46	6954	
0.17	6948	
0.27	6949	
0.17	6961	
0.12	6951	
0.23	6950	
0.22	6958	
0.64	6958	
0.11	6965	
0.35	6954	
0.11	6967	
0.12	6966	
0.12	6956	
0.16	6965	
0.11	6972	
0.16	6961	
0.67	6959	
0.06	6967	
0.1	6963	
0.25	6961	
0.28	6963	
0.41	6963	
0.24	6964	
0.3	6979	
0.27	6979	
0.4	6975	
0.13	6971	
0.27	6972	
0.24	6984	
0.25	6988	
0.27	6975	
0.24	6986	
0.13	6986	
0.35	6985	
0.27	6989	
0.12	6983	
0.24	6988	
0.3	6985	
0.27	6996	
0.26	6983	
0.27	6986	
0.25	6996	
0.36	6998	
0.28	6988	
0.36	6996	
0.32	7001	
0.25	6988	
0.3	6998	
0.25	6999	
0.39	6994	
0.89	7000	
0.01	6994	
0.02	6994	
0.04	6998	
0.03	7004	
0.07	6999	
0.07	7004	
0.02	7010	
0.02	7015	
0.02	7002	
0.03	7014	
0.03	7017	
0.0	7018	
0.04	7021	
0.04	7015	
0.46	7021	
0.03	7008	
0.05	7024	
0.07	7016	
0.01	7025	
0.1	7017	
0.1	7028	
0.15	7014	
0.03	7015	
0.02	7030	
0.02	7020	
0.03	7026	
0.04	7027	
0.14	7035	
0.13	7026	
0.02	7024	
0.02	7028	
0.11	7041	
0.06	7026	
0.32	7031	
0.03	7029	
0.03	7037	
0.03	7037	
0.03	7036	
0.22	7035	
0.09	7045	
0.02	7033	
0.13	7039	
0.42	7036	
0.64	7049	
0.64	7041	
0.06	7052	
0.03	7042	
0.92	7049	
0.03	7053	
0.02	7046	
0.03	7049	
0.0	7049	
0.0	7056	
0.0	7050	
0.0	7059	
0.0	7055	
0.0	7063	
0.01	7055	
0.0	7068	
0.01	7061	
0.0	7063	
0.02	7061	
0.01	7059	
0.01	7056	
0.14	7063	
0.01	7061	
0.0	7071	
0.19	7071	
0.1	7076	
0.1	7077	
0.1	7064	
0.07	7071	
0.09	7071	
0.09	7082	
0.01	7082	
0.01	7071	
0.03	7074	
0.06	7076	
0.03	7083	
0.02	7078	
0.06	7080	
0.08	7086	
0.15	7090	
0.09	7088	
0.09	7093	
0.02	7081	
0.05	7083	
0.06	7084	
0.01	7091	
0.05	7099	
0.01	7083	
0.02	7100	
0.02	7095	
0.02	7093	
0.03	7100	
0.03	7094	
0.03	7096	
0.02	7103	
0.03	7101	
0.03	7102	
0.0	7106	
0.03	7111	
0.03	7101	
0.02	7109	
0.01	7107	
0.01	7111	
0.01	7107	
0.02	7117	
0.02	7113	
0.02	7119	
0.02	7120	
0.07	7107	
0.03	7122	
0.07	7114	
0.16	7124	
0.09	7122	
0.13	7113	
0.09	7117	
0.09	7119	
0.22	7126	
0.01	7114	
0.01	7123	
0.03	7124	
0.03	7121	
0.05	7133	
0.06	7124	
0.02	7135	
0.0	7126	
0.0	7130	
0.02	7124	
0.01	7130	
0.01	7129	
0.02	7133	
0.0	7130	
0.0	7133	
0.04	7142	
0.04	7129	
0.03	7145	
0.03	7135	
0.03	7139	
0.32	7135	
0.31	7145	
0.32	7139	
0.28	7138	
0.32	7145	
0.01	7152	
0.0	7145	
0.04	7154	
0.0	7157	
0.03	7154	
0.01	7143	
0.01	7156	
0.01	7156	
0.02	7163	
0.01	7156	
0.0	7150	
0.0	7160	
0.0	7166	
0.0	7157	
0.04	7153	
0.04	7164	
0.04	7154	
0.04	7155	
0.0	7169	
0.04	7173	
0.04	7168	
0.02	7175	
0.05	7160	
0.1	7174	
0.06	7165	
0.06	7163	
0.06	7172	
0.06	7181	
0.06	7177	
0.17	7181	
0.01	7176	
0.01	7170	
0.01	7184	
0.0	7185	
0.01	7175	
0.01	7186	
0.01	7185	
0.01	7178	
0.04	7177	
0.0	7182	
0.0	7189	
0.04	7189	
0.09	7188	
0.03	7182	
0.07	7194	
0.07	7195	
0.0	7198	
0.04	7190	
0.11	7188	
0.18	7194	
0.0	7194	
0.05	7204	
0.01	7206	
0.07	7203	
0.18	7194	
0.05	7202	
0.05	7205	
0.05	7203	
0.05	7212	
0.0	7204	
0.08	7202	
0.08	7202	
0.21	7212	
0.07	7204	
0.06	7213	
0.06	7204	
0.08	7218	
0.05	7215	
0.08	7206	
0.08	7224	
0.14	7210	
0.09	7226	
0.16	7215	
0.09	7221	
0.34	7228	
0.16	7214	
0.17	7227	
0.77	7231	
0.1	7224	
0.02	7231	
0.0	7224	
0.19	7219	
0.0	7221	
0.05	7237	
0.1	7236	
0.04	7227	
0.05	7229	
0.02	7231	
0.04	7238	
0.04	7241	
0.02	7244	
0.17	7233	
0.05	7237	
0.1	7237	
0.01	7247	
0.27	7250	
0.12	7239	
0.3	7239	
0.09	7251	
0.17	7245	
0.03	7254	
0.0	7247	
0.01	7257	
0.0	7243	
0.03	7259	
0.03	7251	
0.03	7259	
0.01	7257	
0.03	7259	
0.05	7258	
0.03	7250	
0.01	7252	
0.01	7250	
0.04	7254	
0.04	7264	
0.33	7263	
0.21	7265	
0.1	7262	
0.33	7267	
0.1	7274	
0.24	7265	
0.13	7275	
0.04	7273	
0.23	7278	
0.33	7277	
0.1	7270	
0.17	7264	
0.37	7277	
0.11	7268	
0.04	7273	
0.23	7272	
0.68	7280	
0.17	7277	
0.04	7279	
0.01	7288	
0.21	7277	
0.17	7285	
0.31	7283	
0.4	7290	
0.37	7290	
0.32	7293	
0.0	7296	
0.01	7288	
0.04	7288	
0.04	7283	
0.04	7293	
0.03	7285	
0.03	7296	
0.03	7292	
0.03	7288	
0.02	7290	
0.06	7302	
0.04	7307	
0.04	7301	
0.04	7309	
0.02	7310	
0.04	7302	
0.04	7297	
0.06	7300	
0.04	7297	
0.02	7304	
0.04	7300	
0.04	7302	
0.04	7301	
0.02	7311	
0.04	7306	
0.04	7315	
0.02	7322	
0.0	7318	
0.02	7309	
0.0	7325	
0.01	7326	
0.0	7316	
0.03	7313	
0.03	7326	
0.04	7313	
0.04	7316	
0.06	7326	
0.02	7319	
0.02	7325	
0.08	7331	
0.01	7322	
0.15	7327	
0.1	7333	
0.01	7327	
0.01	7339	
0.01	7333	
0.21	7335	
0.02	7336	
0.01	7327	
0.07	7338	
0.25	7346	
0.01	7343	
0.01	7346	
0.2	7347	
0.02	7349	
0.02	7337	
0.08	7346	
0.0	7336	
0.0	7344	
0.07	7339	
0.02	7347	
0.01	7350	
0.0	7343	
0.02	7347	
0.03	7359	
0.01	7352	
0.09	7361	
0.01	7348	
0.4	7347	
0.03	7363	
0.01	7352	
0.01	7356	
0.09	7367	
0.1	7357	
0.16	7368	
0.01	7364	
0.01	7372	
0.01	7362	
0.01	7365	
0.01	7360	
0.01	7373	
0.01	7365	
0.01	7367	
0.0	7362	
0.01	7368	
0.06	7381	
0.01	7367	
0.03	7379	
0.02	7376	
0.03	7381	
0.02	7373	
0.03	7387	
0.03	7378	
0.06	7376	
0.04	7386	
0.07	7381	
0.02	7388	
0.06	7393	
0.05	7379	
0.01	7390	
0.08	7394	
0.06	7396	
0.07	7390	
0.12	7383	
0.0	7384	
0.03	7397	
0.07	7386	
0.15	7399	
0.05	7388	
0.02	7392	
0.05	7394	
0.01	7396	
0.02	7403	
0.08	7402	
0.02	7402	
0.07	7410	
0.07	7403	
0.04	7408	
0.08	7411	
0.05	7405	
0.06	7402	
0.04	7414	
0.04	7401	
0.06	7414	
0.08	7403	
0.03	7410	
0.07	7414	
0.04	7407	
0.0	7418	
0.08	7421	
0.08	7423	
0.09	7420	
0.06	7423	
0.08	7428	
0.08	7417	
0.03	7415	
0.01	7432	
0.03	7422	
0.0	7427	
0.01	7433	
0.05	7434	
0.02	7434	
0.08	7430	
0.12	7428	
0.09	7428	
0.12	7428	
0.02	7425	
0.1	7441	
0.09	7427	
0.14	7432	
0.02	7432	
0.08	7435	
0.0	7437	
0.09	7440	
0.02	7443	
0.02	7451	
0.1	7435	
0.0	7450	
0.04	7451	
0.09	7441	
0.35	7453	
0.09	7445	
0.14	7453	
0.11	7448	
0.36	7443	
0.08	7457	
0.16	7454	
0.27	7453	
0.46	7451	
0.17	7460	
0.52	7453	
0.37	7450	
0.36	7462	
0.33	7463	
0.03	7465	
0.53	7463	
0.02	7468	
0.04	7472	
0.2	7461	
0.95	7469	
0.1	7474	
0.2	7462	
0.05	7464	
0.05	7469	
0.29	7465	
0.41	7468	
0.14	7475	
0.4	7467	
0.14	7470	
0.03	7480	
0.46	7475	
0.33	7477	
0.08	7474	
0.26	7473	
0.1	7474	
0.01	7479	
0.12	7490	
0.8	7484	
0.18	7479	
0.82	7487	
0.01	7480	
0.88	7481	
0.84	7498	
0.62	7486	
0.06	7489	
0.07	7485	
0.42	7497	
0.01	7491	
0.01	7499	
0.05	7489	
0.09	7495	
0.09	7506	
0.08	7508	
0.24	7504	
0.01	7500	
0.02	7511	
0.01	7503	
0.09	7506	
0.12	7497	
0.16	7511	
0.16	7506	
0.03	7512	
0.06	7505	
0.35	7506	
0.09	7510	
0.18	7508	
0.03	7520	
0.09	7518	
0.05	7522	
0.01	7523	
0.12	7511	
0.09	7522	
0.06	7524	
0.16	7523	
0.15	7515	
0.35	7528	
0.32	7526	
0.03	7532	
0.29	7523	
0.06	7525	
0.12	7519	
0.19	7521	
0.14	7524	
0.19	7522	
0.12	7531	
0.15	7540	
0.39	7527	
0.1	7530	
0.02	7538	
0.05	7544	
0.01	7543	
0.04	7545	
0.19	7543	
0.01	7537	
0.08	7541	
0.1	7539	
0.09	7548	
0.09	7537	
0.01	7546	
0.03	7541	
0.14	7545	
0.04	7547	
0.03	7549	
0.01	7554	
0.08	7547	
0.01	7550	
0.04	7556	
0.03	7559	
0.07	7559	
0.11	7552	
0.08	7557	
0.01	7567	
0.08	7561	
0.01	7560	
0.19	7555	
0.08	7570	
0.12	7567	
0.15	7571	
0.08	7559	
0.08	7559	
0.08	7559	
0.03	7567	
0.03	7573	
0.01	7574	
0.02	7570	
0.02	7578	
0.0	7580	
0.03	7577	
0.01	7584	
0.01	7568	
0.09	7572	
0.08	7582	
0.04	7585	
0.04	7581	
0.01	7577	
0.0	7590	
0.02	7579	
0.02	7592	
0.12	7592	
0.07	7591	
0.07	7581	
0.06	7580	
0.02	7595	
0.01	7599	
0.01	7588	
0.02	7591	
0.1	7591	
0.11	7599	
0.11	7589	
0.05	7592	
0.34	7606	
0.01	7595	
0.03	7599	
0.02	7592	
0.03	7606	
0.02	7597	
0.02	7601	
0.02	7606	
0.02	7604	
0.02	7603	
0.05	7606	
0.13	7617	
0.29	7616	
0.13	7603	
0.06	7611	
0.15	7606	
0.16	7605	
0.34	7613	
0.18	7616	
0.17	7610	
0.09	7609	
0.37	7622	
0.36	7622	
0.31	7618	
0.42	7623	
0.0	7620	
0.0	7619	
0.0	7631	
0.02	7617	
0.01	7622	
0.03	7636	
0.02	7622	
0.07	7625	
0.01	7638	
0.1	7630	
0.15	7641	
0.15	7636	
0.0	7641	
0.06	7628	
0.01	7645	
0.0	7646	
0.01	7638	
0.01	7637	
0.15	7641	
0.34	7649	
0.23	7644	
0.13	7643	
0.02	7638	
0.1	7642	
0.07	7648	
0.02	7639	
0.09	7642	
0.16	7656	
0.12	7656	
0.01	7657	
0.23	7653	
0.0	7646	
0.01	7662	
0.14	7653	
0.07	7648	
0.18	7654	
0.07	7663	
0.05	7653	
0.01	7664	
0.04	7663	
0.02	7668	
0.02	7662	
0.01	7662	
0.04	7663	
0.01	7664	
0.1	7665	
0.24	7660	
0.02	7674	
0.01	7673	
0.07	7676	
0.01	7679	
0.03	7682	
0.02	7666	
0.01	7680	
0.02	7682	
0.02	7675	
0.02	7682	
0.08	7687	
0.02	7680	
0.19	7681	
0.04	7675	
0.04	7686	
0.02	7690	
0.04	7684	
0.19	7687	
0.01	7681	
0.02	7686	
0.01	7696	
0.12	7697	
0.09	7695	
0.17	7684	
0.09	7689	
0.11	7695	
0.03	7689	
0.11	7704	
0.09	7694	
0.13	7705	
0.04	7698	
0.04	7708	
0.09	7699	
0.04	7708	
0.04	7698	
0.04	7705	
0.14	7697	
0.04	7714	
0.04	7710	
0.03	7706	
0.27	7708	
0.03	7704	
0.03	7710	
0.03	7720	
0.03	7711	
0.07	7708	
0.03	7722	
0.03	7721	
0.03	7723	
0.03	7724	
0.06	7724	
0.03	7724	
0.03	7719	
0.06	7722	
0.03	7724	
0.0	7719	
0.06	7728	
0.17	7725	
0.03	7725	
0.03	7727	
0.1	7728	
0.03	7726	
0.03	7734	
0.0	7740	
0.09	7729	
0.03	7730	
0.04	7741	
0.06	7739	
0.06	7738	
0.06	7745	
0.06	7741	
0.06	7736	
0.06	7748	
0.12	7739	
0.04	7752	
0.1	7749	
0.1	7752	
0.36	7741	
0.04	7749	
0.02	7757	
0.02	7741	
0.01	7755	
0.0	7743	
0.06	7746	
0.0	7758	
0.06	7756	
0.05	7761	
0.06	7764	
0.09	7759	
0.1	7750	
0.11	7758	
0.1	7762	
0.21	7767	
0.1	7754	
0.07	7759	
0.69	7763	
0.11	7757	
0.04	7768	
0.2	7759	
0.41	7768	
0.07	7778	
1.0	7769	
0.89	7780	
0.03	7765	
0.01	7780	
0.01	7774	
0.25	7782	
0.01	7770	
0.03	7779	
0.0	7774	
0.0	7780	
0.01	7784	
0.11	7787	
0.05	7774	
0.01	7781	
0.0	7778	
0.01	7791	
0.01	7792	
0.0	7785	
0.0	7785	
0.05	7781	
0.05	7793	
0.01	7794	
0.01	7790	
0.0	7788	
0.02	7802	
0.13	7800	
0.13	7800	
0.0	7793	
0.01	7804	
0.0	7806	
0.0	7792	
0.0	7807	
0.01	7809	
0.0	7799	
0.14	7798	
0.09	7800	
0.09	7801	
0.15	7811	
0.09	7806	
0.07	7810	
0.07	7819	
0.01	7806	
0.02	7817	
0.04	7818	
0.03	7807	
0.0	7812	
0.4	7825	
0.06	7816	
0.13	7823	
0.34	7826	
0.8	7815	
0.1	7814	
0.09	7817	
0.82	7819	
0.91	7817	
0.82	7821	
0.31	7821	
0.41	7836	
0.34	7823	
0.58	7831	
0.25	7834	
0.19	7823	
0.19	7839	
0.01	7833	
0.05	7833	
0.01	7839	
0.02	7834	
0.03	7833	
0.01	7841	
0.25	7840	
0.0	7832	
0.01	7849	
0.42	7849	
0.16	7839	
0.08	7838	
0.23	7852	
0.08	7851	
0.24	7848	
0.5	7856	
0.05	7846	
0.02	7844	
0.22	7847	
0.73	7845	
0.16	7845	
0.29	7853	
0.15	7854	
0.41	7852	
0.94	7858	
0.22	7850	
0.21	7866	
0.21	7863	
0.29	7868	
0.56	7864	
0.95	7855	
0.29	7866	
0.23	7864	
0.14	7858	
0.68	7869	
0.62	7875	
0.49	7868	
0.45	7867	
0.11	7866	
0.33	7866	
0.66	7879	
0.74	7881	
0.01	7873	
0.74	7871	
0.01	7873	
0.01	7871	
0.0	7874	
0.01	7883	
0.08	7885	
0.0	7885	
0.02	7890	
0.03	7881	
0.0	7878	
0.0	7879	
0.02	7892	
0.01	7884	
0.02	7898	
0.0	7884	
0.0	7888	
0.03	7885	
0.01	7899	
0.0	7890	
0.02	7898	
0.02	7905	
0.03	7889	
0.01	7897	
0.03	7900	
0.01	7902	
0.03	7905	
0.02	7897	
0.0	7900	
0.01	7913	
0.04	7905	
0.02	7900	
0.09	7901	
0.0	7911	
0.0	7909	
0.04	7906	
0.03	7912	
0.04	7913	
0.02	7922	
0.12	7910	
0.04	7909	
0.01	7910	
0.38	7920	
0.04	7921	
0.03	7923	
0.02	7923	
0.01	7930	
0.18	7924	
0.09	7919	
0.18	7923	
0.09	7924	
0.09	7934	
0.26	7924	
0.13	7934	
0.04	7924	
0.12	7937	
0.0	7933	
0.33	7934	
0.27	7932	
0.09	7941	
0.25	7937	
0.12	7930	
0.18	7933	
0.25	7930	
0.32	7938	
0.09	7942	
0.13	7947	
0.0	7936	
0.0	7941	
0.01	7949	
0.01	7945	
0.01	7939	
0.08	7943	
0.01	7952	
0.05	7953	
0.03	7947	
0.04	7951	
0.0	7954	
0.06	7959	
0.05	7947	
0.15	7947	
0.06	7964	
0.06	7958	
0.08	7950	
0.05	7958	
0.18	7968	
0.16	7959	
0.4	7964	
0.02	7963	
0.02	7966	
0.08	7963	
0.02	7973	
0.05	7964	
0.02	7969	
0.04	7977	
0.01	7968	
0.01	7978	
0.01	7976	
0.01	7981	
0.01	7975	
0.0	7974	
0.03	7972	
0.01	7984	
0.07	7985	
0.0	7975	
0.0	7981	
0.0	7986	
0.0	7987	
0.0	7976	
0.0	7979	
0.0	7982	
0.0	7982	
0.01	7981	
0.0	7985	
0.0	7990	
0.0	7993	
0.0	7985	
0.0	7986	
0.03	7998	
0.06	8001	
0.03	7996	
0.18	7993	
0.03	7990	
0.01	8005	
0.06	8005	
0.02	8004	
0.06	8007	
0.02	7995	
0.0	8001	
0.13	8008	
0.06	8010	
0.0	8000	
0.09	8008	
0.02	8017	
0.05	8006	
0.01	8004	
0.17	8008	
0.06	8020	
0.04	8009	
0.01	8021	
0.09	8020	
0.03	8019	
0.39	8013	
0.09	8016	
0.05	8027	
0.11	8023	
0.02	8017	
0.06	8020	
0.1	8031	
0.46	8033	
0.34	8021	
0.32	8022	
0.28	8026	
0.74	8026	
0.68	8029	
0.26	8022	
0.49	8037	
0.46	8039	
0.43	8030	
0.0	8037	
0.17	8035	
0.16	8036	
0.09	8038	
0.29	8041	
0.35	8031	
0.17	8040	
0.16	8036	
0.44	8047	
0.06	8045	
0.06	8038	
0.06	8046	
0.16	8040	
0.09	8046	
0.06	8043	
0.06	8056	
0.09	8043	
0.09	8055	
0.12	8046	
0.03	8053	
0.09	8058	
0.17	8050	
0.13	8065	
0.01	8061	
0.08	8066	
0.14	8060	
0.01	8069	
0.01	8065	
0.05	8068	
0.01	8059	
0.12	8064	
0.12	8059	
0.11	8066	
0.05	8064	
0.03	8071	
0.12	8070	
0.01	8077	
0.04	8074	
0.03	8078	
0.0	8071	
0.0	8071	
0.03	8073	
0.02	8083	
0.01	8076	
0.01	8080	
0.03	8082	
0.04	8083	
0.01	8074	
0.01	8087	
0.01	8080	
0.08	8081	
0.08	8079	
0.01	8083	
0.08	8084	
0.04	8081	
0.02	8086	
0.06	8090	
0.01	8084	
0.03	8092	
0.2	8101	
0.25	8088	
0.01	8088	
0.22	8093	
0.01	8106	
0.22	8090	
0.02	8093	
0.01	8094	
0.06	8094	
0.06	8103	
0.64	8103	
0.32	8104	
0.11	8108	
0.32	8112	
0.12	8116	
0.3	8105	
0.02	8114	
0.01	8117	
0.17	8115	
0.17	8120	
0.16	8114	
0.05	8119	
0.01	8117	
0.07	8116	
0.02	8118	
0.0	8122	
0.01	8119	
0.0	8123	
0.18	8127	
0.06	8129	
0.16	8120	
0.01	8122	
0.0	8117	
0.06	8122	
0.06	8129	
0.12	8129	
0.06	8122	
0.06	8126	
0.13	8128	
0.13	8138	
0.31	8128	
0.18	8139	
0.37	8132	
0.34	8143	
0.18	8146	
0.18	8133	
0.38	8134	
0.33	8135	
0.23	8143	
0.02	8144	
0.02	8149	
0.02	8150	
0.04	8141	
0.04	8140	
0.08	8141	
0.04	8144	
0.08	8152	
0.08	8147	
0.04	8149	
0.05	8154	
0.04	8161	
0.08	8157	
0.05	8160	
0.05	8160	
0.05	8150	
0.05	8158	
0.05	8168	
0.05	8162	
0.05	8168	
0.05	8162	
0.05	8172	
0.05	8171	
0.08	8157	
0.11	8165	
0.13	8160	
0.15	8171	
0.14	8169	
0.0	8165	
0.08	8176	
0.01	8167	
0.08	8182	
0.38	8183	
0.0	8182	
0.16	8174	
0.11	8173	
0.33	8178	
0.01	8184	
0.01	8182	
0.06	8176	
0.02	8180	
0.02	8186	
0.04	8185	
0.04	8183	
0.04	8182	
0.04	8180	
0.04	8184	
0.04	8197	
0.05	8199	
0.05	8195	
0.05	8190	
0.05	8197	
0.05	8191	
0.05	8194	
0.04	8192	
0.03	8200	
0.02	8192	
0.0	8203	
0.02	8204	
0.04	8207	
0.0	8198	
0.04	8196	
0.0	8199	
0.02	8214	
0.04	8211	
0.01	8201	
0.0	8201	
0.0	8209	
0.0	8202	
0.0	8211	
0.14	8220	
0.44	8212	
0.01	8218	
0.01	8224	
0.01	8216	
0.01	8221	
0.01	8226	
0.0	8211	
0.01	8220	
0.01	8222	
0.05	8223	
0.0	8230	
0.07	8231	
0.01	8234	
0.19	8218	
0.01	8231	
0.03	8231	
0.07	8231	
0.03	8225	
0.98	8223	
0.04	8228	
0.3	8225	
0.07	8227	
0.14	8235	
0.07	8237	
0.05	8243	
0.05	8232	
0.05	8239	
0.09	8243	
0.08	8236	
0.08	8237	
0.08	8242	
0.08	8243	
0.01	8244	
0.02	8240	
0.34	8239	
0.06	8241	
0.14	8251	
0.23	8251	
0.18	8248	
0.31	8250	
0.15	8248	
0.08	8262	
0.06	8250	
0.08	8263	
0.11	8259	
0.26	8267	
0.14	8253	
0.16	8256	
0.16	8266	
0.14	8254	
0.14	8260	
0.14	8273	
0.29	8260	
0.46	8275	
0.15	8266	
0.28	8277	
0.15	8265	
0.0	8269	
0.09	8272	
0.15	8275	
0.14	8270	
0.15	8267	
0.0	8275	
0.11	8284	
0.15	8282	
0.14	8277	
0.15	8273	
0.07	8273	
0.14	8283	
0.16	8288	
0.14	8285	
0.15	8287	
0.12	8279	
0.07	8286	
0.35	8288	
0.29	8295	
0.3	8289	
0.28	8291	
0.3	8293	
0.3	8292	
0.3	8292	
0.28	8291	
0.16	8294	
0.3	8302	
0.29	8305	
0.14	8290	
0.31	8306	
0.3	8309	
0.31	8298	
0.31	8299	
0.27	8304	
0.28	8309	
0.31	8299	
0.3	8304	
0.27	8310	
0.31	8310	
0.3	8301	
0.3	8313	
0.31	8312	
0.56	8320	
0.21	8316	
0.19	8321	
0.44	8315	
0.9	8313	
0.57	8313	
0.42	8321	
0.23	8319	
0.21	8319	
0.22	8319	
0.19	8329	
0.43	8321	
0.4	8330	
0.68	8331	
0.45	8325	
0.0	8334	
0.01	8328	
0.0	8327	
0.0	8333	
0.28	8332	
0.11	8327	
0.04	8331	
0.01	8342	
0.15	8342	
0.02	8334	
0.01	8337	
0.85	8340	
0.11	8333	
0.06	8335	
0.38	8333	
0.32	8338	
0.01	8346	
0.01	8349	
0.01	8343	
0.02	8349	
0.02	8341	
0.01	8347	
0.03	8346	
0.01	8358	
0.02	8353	
0.01	8354	
0.12	8345	
0.03	8351	
0.04	8347	
0.01	8354	
0.02	8358	
0.06	8365	
0.03	8363	
0.02	8367	
0.04	8357	
0.01	8364	
0.09	8361	
0.07	8368	
0.01	8360	
0.01	8375	
0.0	8366	
0.01	8372	
0.01	8373	
0.0	8367	
0.01	8365	
0.01	8374	
0.02	8380	
0.02	8370	
0.19	8368	
0.01	8379	
0.16	8372	
0.01	8376	
0.01	8386	
0.18	8388	
0.03	8376	
0.01	8383	
0.25	8380	
0.0	8391	
0.0	8388	
0.01	8394	
0.01	8380	
0.01	8384	
0.02	8393	
0.01	8383	
0.01	8399	
0.15	8385	
0.02	8395	
0.02	8400	
0.01	8396	
0.02	8400	
0.02	8394	
0.02	8406	
0.01	8401	
0.01	8396	
0.02	8397	
0.02	8394	
0.09	8410	
0.02	8396	
0.02	8409	
0.04	8408	
0.02	8399	
0.02	8417	
0.01	8416	
0.02	8405	
0.01	8420	
0.02	8418	
0.01	8411	
0.01	8410	
0.01	8418	
0.01	8421	
0.09	8412	
0.01	8414	
0.01	8423	
0.01	8419	
0.04	8426	
0.09	8422	
0.06	8428	
0.37	8418	
0.01	8417	
0.01	8434	
0.18	8423	
0.04	8436	
0.05	8421	
0.04	8437	
0.07	8429	
0.07	8432	
0.03	8435	
0.03	8441	
0.15	8431	
0.01	8438	
0.04	8431	
0.27	8441	
0.15	8445	
0.03	8433	
0.01	8441	
0.02	8434	
0.05	8438	
0.02	8451	
0.17	8437	
0.03	8450	
0.1	8450	
0.02	8450	
0.08	8451	
0.0	8447	
0.01	8447	
0.06	8455	
0.02	8449	
0.01	8460	
0.06	8460	
0.03	8462	
0.04	8464	
0.04	8463	
0.0	8453	
0.01	8461	
0.04	8470	
0.03	8456	
0.01	8464	
0.02	8462	
0.01	8469	
0.13	8470	
0.04	8470	
0.02	8476	
0.05	8473	
0.04	8474	
0.01	8480	
0.01	8470	
0.03	8467	
0.02	8467	
0.02	8483	
0.0	8471	
0.02	8483	
0.02	8472	
0.02	8484	
0.02	8480	
0.02	8483	
0.02	8488	
0.06	8488	
0.04	8491	
0.04	8478	
0.02	8489	
0.02	8487	
0.02	8490	
0.02	8486	
0.05	8485	
0.09	8499	
0.09	8493	
0.19	8497	
0.09	8495	
0.18	8495	
0.09	8490	
0.09	8504	
0.06	8503	
0.09	8497	
0.09	8505	
0.14	8505	
0.27	8500	
0.09	8502	
0.09	8500	
0.05	8508	
0.09	8514	
0.09	8513	
0.18	8502	
0.09	8505	
0.3	8511	
0.18	8512	
0.09	8513	
0.09	8506	
0.09	8519	
0.09	8516	
0.1	8518	
0.13	8519	
0.04	8513	
0.09	8511	
0.09	8528	
0.09	8526	
0.19	8517	
0.26	8517	
0.04	8520	
0.44	8530	
0.05	8531	
0.09	8533	
0.28	8534	
0.12	8534	
0.04	8523	
0.04	8531	
0.05	8537	
0.17	8541	
0.19	8537	
0.09	8536	
0.04	8542	
0.15	8542	
0.04	8538	
0.03	8547	
0.19	8543	
0.04	8541	
0.09	8538	
0.01	8544	
0.09	8545	
0.09	8537	
0.02	8541	
0.04	8543	
0.04	8555	
0.03	8553	
0.05	8548	
0.05	8553	
0.04	8546	
0.09	8555	
0.04	8548	
0.02	8551	
0.04	8554	
0.05	8559	
0.05	8564	
0.16	8559	
0.01	8566	
0.17	8559	
0.09	8561	
0.02	8556	
0.04	8557	
0.02	8562	
0.09	8561	
0.04	8563	
0.09	8565	
0.01	8563	
0.01	8576	
0.01	8578	
0.04	8575	
0.01	8579	
0.04	8580	
0.03	8580	
0.05	8573	
0.03	8586	
0.04	8574	
0.19	8572	
0.04	8575	
0.02	8576	
0.07	8574	
0.02	8590	
0.03	8591	
0.02	8593	
0.04	8588	
0.02	8591	
0.03	8592	
0.04	8590	
0.05	8582	
0.06	8588	
0.18	8598	
0.19	8600	
0.29	8594	
0.67	8594	
0.09	8602	
0.06	8590	
0.09	8599	
0.84	8602	
0.06	8597	
0.09	8597	
0.33	8602	
0.03	8597	
0.17	8610	
0.5	8597	
0.19	8609	
0.05	8610	
0.09	8604	
0.49	8604	
0.09	8605	
0.49	8610	
0.14	8618	
0.17	8613	
0.09	8616	
0.09	8616	
0.09	8612	
0.15	8626	
0.09	8622	
0.48	8626	
0.44	8613	
0.09	8628	
0.09	8617	
0.46	8621	
0.09	8629	
0.09	8632	
0.09	8622	
0.71	8632	
0.17	8625	
0.07	8637	
0.09	8637	
0.12	8624	
0.17	8637	
0.04	8640	
0.09	8640	
0.09	8640	
0.13	8637	
0.09	8638	
0.12	8641	
0.17	8641	
0.09	8632	
0.04	8638	
0.18	8640	
0.13	8640	
0.09	8642	
0.04	8644	
0.09	8652	
0.17	8642	
0.04	8645	
0.19	8646	
0.09	8656	
0.13	8653	
0.1	8648	
0.09	8650	
0.09	8659	
0.15	8664	
0.09	8659	
0.33	8666	
0.26	8659	
0.04	8652	
0.09	8665	
0.04	8660	
0.19	8654	
0.08	8670	
0.18	8661	
0.04	8661	
0.09	8671	
0.02	8665	
0.12	8662	
0.24	8662	
0.04	8668	
0.09	8677	
0.26	8675	
0.04	8675	
0.09	8674	
0.04	8679	
0.18	8675	
0.09	8673	
0.04	8685	
0.71	8672	
0.02	8679	
0.02	8684	
0.26	8680	
0.09	8680	
0.18	8682	
0.17	8689	
0.21	8689	
0.16	8687	
0.18	8687	
0.6	8687	
0.24	8684	
0.28	8688	
0.24	8688	
0.19	8702	
0.18	8695	
0.17	8698	
0.03	8692	
0.06	8697	
0.26	8701	
0.09	8697	
0.03	8695	
0.13	8700	
0.51	8710	
0.09	8707	
0.15	8706	
0.04	8712	
0.35	8715	
0.09	8710	
0.04	8712	
0.21	8710	
0.14	8710	
0.09	8718	
0.18	8708	
0.09	8715	
0.14	8718	
0.17	8713	
0.09	8717	
0.44	8710	
0.01	8726	
0.01	8711	
0.06	8726	
0.03	8728	
0.01	8727	
0.01	8726	
0.0	8730	
0.01	8729	
0.1	8718	
0.03	8727	
0.01	8725	
0.02	8736	
0.02	8737	
0.01	8725	
0.0	8734	
0.02	8733	
0.01	8741	
0.02	8733	
0.02	8734	
0.02	8743	
0.0	8732	
0.0	8741	
0.14	8737	
0.05	8733	
0.15	8745	
0.3	8742	
0.08	8747	
0.25	8753	
0.08	8752	
0.15	8749	
0.09	8752	
0.08	8753	
0.06	8742	
0.04	8757	
0.16	8750	
0.16	8750	
0.24	8752	
0.05	8749	
0.22	8760	
0.02	8761	
0.16	8752	
0.23	8763	
0.08	8767	
0.3	8765	
0.19	8764	
0.14	8756	
0.05	8758	
0.21	8770	
0.14	8769	
0.14	8776	
0.14	8767	
0.08	8763	
0.35	8774	
0.06	8769	
0.14	8771	
0.29	8769	
0.24	8775	
0.05	8772	
0.19	8768	
0.19	8770	
0.05	8778	
0.33	8771	
0.3	8785	
0.02	8783	
0.07	8774	
0.01	8777	
0.07	8793	
0.04	8788	
0.07	8795	
0.09	8789	
0.04	8788	
0.04	8791	
0.07	8784	
0.11	8797	
0.07	8789	
0.04	8797	
0.06	8789	
0.07	8791	
0.01	8788	
0.05	8802	
0.09	8803	
0.1	8795	
0.06	8806	
0.04	8796	
0.8	8802	
0.4	8796	
0.12	8807	
0.12	8800	
0.74	8800	
0.71	8806	
0.77	8800	
0.38	8813	
0.24	8811	
0.35	8803	
0.12	8817	
0.81	8806	
0.76	8814	
0.37	8812	
0.67	8815	
0.34	8809	
0.15	8819	
0.38	8823	
0.1	8818	
0.11	8817	
0.78	8819	
0.07	8826	
0.39	8832	
0.29	8828	
0.07	8828	
0.13	8830	
0.07	8823	
0.7	8834	
0.28	8834	
0.31	8824	
0.07	8837	
0.07	8839	
0.07	8833	
0.13	8833	
0.38	8837	
0.07	8845	
0.07	8831	
0.4	8837	
0.79	8835	
0.63	8842	
0.36	8841	
0.33	8846	
0.07	8847	
0.22	8838	
0.29	8853	
0.35	8840	
0.43	8841	
0.07	8853	
0.34	8859	
0.07	8850	
0.07	8860	
0.07	8861	
0.36	8849	
0.21	8856	
0.07	8859	
0.22	8859	
0.3	8851	
0.07	8862	
0.24	8869	
0.2	8855	
0.07	8871	
0.3	8866	
0.34	8873	
0.13	8867	
0.07	8859	
0.07	8874	
0.63	8870	
0.07	8878	
0.38	8873	
0.53	8879	
0.14	8867	
0.07	8876	
0.35	8868	
0.13	8867	
0.07	8869	
0.07	8885	
0.36	8872	
0.07	8875	
0.07	8881	
0.14	8873	
0.23	8886	
0.07	8884	
0.07	8876	
0.13	8881	
0.07	8887	
0.0	8884	
0.0	8884	
0.01	8898	
0.01	8882	
0.06	8896	
0.2	8889	
0.01	8892	
0.0	8891	
0.01	8894	
0.01	8898	
0.03	8906	
0.01	8905	
0.06	8908	
0.0	8907	
0.0	8904	
0.06	8911	
0.01	8895	
0.01	8911	
0.01	8913	
0.0	8902	
0.01	8906	
0.01	8907	
0.04	8901	
0.0	8917	
0.0	8911	
0.0	8909	
0.01	8909	
0.03	8907	
0.09	8916	
0.02	8922	
0.02	8910	
0.01	8924	
0.01	8927	
0.01	8928	
0.01	8921	
0.02	8922	
0.01	8921	
0.02	8929	
0.02	8918	
0.01	8933	
0.02	8933	
0.05	8934	
0.01	8921	
0.06	8937	
0.03	8938	
0.02	8937	
0.01	8936	
0.01	8943	
0.0	8933	
0.02	8930	
0.01	8937	
0.0	8932	
0.0	8947	
0.02	8937	
0.0	8943	
0.0	8946	
0.01	8939	
0.01	8936	
0.0	8937	
0.0	8947	
0.0	8953	
0.01	8947	
0.0	8956	
0.0	8957	
0.0	8958	
0.0	8960	
0.01	8951	
0.01	8949	
0.02	8947	
0.0	8965	
0.0	8951	
0.0	8957	
0.0	8965	
0.0	8963	
0.01	8958	
0.0	8954	
0.01	8966	
0.03	8956	
0.02	8972	
0.01	8967	
0.08	8961	
0.02	8967	
0.04	8978	
0.03	8975	
0.04	8966	
0.03	8980	
0.02	8969	
0.01	8977	
0.01	8977	
0.03	8968	
0.01	8977	
0.03	8978	
0.02	8986	
0.01	8977	
0.0	8974	
0.02	8989	
0.04	8976	
0.06	8981	
0.02	8993	
0.01	8990	
0.0	8995	
0.01	8990	
0.02	8987	
0.01	8982	
0.0	8999	
0.0	9000	
0.02	9000	
0.02	8990	
0.02	9004	
0.01	8988	
0.11	9001	
0.0	8993	
0.01	8996	
0.01	8995	
0.0	8999	
0.01	8998	
0.01	9007	
0.01	8998	
0.0	9010	
0.01	9010	
0.01	8999	
0.02	9010	
0.01	9008	
0.01	9018	
0.0	9005	
0.01	9013	
0.01	9007	
0.0	9012	
0.01	9012	
0.01	9016	
0.03	9018	
0.01	9025	
0.03	9020	
0.01	9028	
0.0	9025	
0.02	9022	
0.05	9022	
0.0	9024	
0.0	9027	
0.02	9034	
0.02	9032	
0.02	9027	
0.02	9026	
0.0	9039	
0.02	9030	
0.02	9037	
0.19	9035	
0.12	9030	
0.14	9037	
0.12	9036	
0.15	9029	
0.1	9041	
0.2	9033	
0.14	9033	
0.02	9047	
0.09	9050	
0.04	9048	
0.09	9041	
0.12	9038	
0.23	9039	
0.25	9045	
0.28	9045	
0.24	9045	
0.26	9050	
0.02	9052	
0.01	9051	
0.01	9055	
0.01	9055	
0.03	9060	
0.02	9062	
0.15	9066	
0.06	9064	
0.02	9052	
0.2	9065	
1.0	9057	
0.3	9058	
0.12	9065	
0.09	9060	
0.04	9057	
0.05	9059	
0.04	9072	
0.05	9067	
0.03	9061	
0.09	9067	
0.05	9063	
0.02	9065	
0.03	9075	
0.01	9076	
0.03	9077	
0.02	9072	
0.11	9073	
0.08	9085	
0.08	9084	
0.04	9089	
0.04	9085	
0.08	9085	
0.04	9091	
0.02	9078	
0.05	9093	
0.12	9093	
0.03	9085	
0.02	9090	
0.02	9095	
0.04	9098	
0.02	9091	
0.02	9092	
0.01	9094	
0.05	9087	
0.02	9103	
0.02	9091	
0.05	9101	
0.08	9094	
0.02	9096	
0.04	9094	
0.08	9105	
0.12	9105	
0.04	9097	
0.01	9106	
0.11	9103	
0.13	9101	
0.04	9112	
0.14	9104	
0.09	9108	
0.04	9111	
0.02	9111	
0.09	9120	
0.08	9121	
0.11	9107	
0.06	9117	
0.01	9111	
0.06	9111	
0.11	9125	
0.02	9120	
0.1	9126	
0.08	9118	
0.05	9128	
0.13	9124	
0.12	9124	
0.06	9125	
0.06	9118	
0.08	9134	
0.12	9131	
0.27	9124	
0.13	9131	
0.14	9136	
0.13	9127	
0.06	9125	
0.31	9138	
0.05	9133	
0.29	9143	
0.13	9130	
0.14	9140	
0.07	9134	
0.04	9148	
0.02	9149	
0.01	9136	
0.01	9145	
0.08	9153	
0.02	9153	
0.03	9151	
0.05	9154	
0.12	9142	
0.04	9151	
0.06	9145	
0.01	9153	
0.35	9145	
0.57	9152	
0.13	9150	
0.02	9155	
0.03	9154	
0.02	9152	
0.04	9160	
0.02	9153	
0.03	9161	
0.13	9153	
0.04	9169	
0.09	9159	
0.1	9167	
0.02	9168	
0.01	9159	
0.12	9167	
0.25	9160	
0.05	9161	
0.06	9174	
0.12	9170	
0.1	9168	
0.14	9167	
0.13	9169	
0.12	9167	
0.12	9181	
0.05	9184	
0.03	9177	
0.02	9181	
0.02	9185	
0.04	9188	
0.04	9190	
0.03	9185	
0.17	9178	
0.08	9189	
0.03	9190	
0.02	9182	
0.02	9185	
0.05	9188	
0.03	9189	
0.3	9192	
0.03	9188	
0.02	9197	
0.03	9196	
0.07	9192	
0.1	9197	
0.02	9199	
0.02	9200	
0.09	9201	
0.24	9201	
0.06	9210	
0.21	9206	
0.1	9210	
0.05	9208	
0.1	9205	
0.12	9210	
0.13	9212	
0.07	9208	
0.02	9204	
0.21	9210	
0.16	9204	
0.16	9219	
0.04	9220	
0.05	9212	
0.1	9219	
0.05	9213	
0.05	9223	
0.38	9222	
0.01	9223	
0.02	9216	
0.03	9214	
0.04	9225	
0.03	9224	
0.03	9220	
0.1	9218	
